29.431
26.756
36.12
51.171
49.164
53.846
57.191
56.856
52.508
53.177
56.856
61.204
60.87
58.863
56.522
53.512
58.194
52.843
55.853
55.518
58.528
62.542
63.88
57.86
53.512
52.508
52.508
50.502
55.184
54.515
53.846
57.191
60.535
55.184
53.512
58.194
62.207
64.548
65.886
64.214
62.207
59.532
59.532
56.522
59.532
62.876
58.528
62.876
63.211
60.201
62.542
53.846
50.167
53.177
58.194
55.518
55.184
53.512
51.839
52.843
56.522
51.505
53.512
52.174
47.826
53.846
47.826
53.512
55.518
52.843
54.515
53.512
61.873
56.187
48.161
51.505
51.505
50.502
56.522
56.522
54.515
47.826
51.839
47.492
50.167
51.839
45.485
51.839
48.161
54.849
53.177
47.826
40.468
44.816
49.498
53.177
52.174
55.184
53.846
51.505
44.147
52.843
47.492
47.492
55.518
55.184
50.167
49.498
49.164
49.498
48.829
51.171
51.505
51.171
51.505
47.157
47.157
47.826
48.161
45.819
47.492
51.171
57.525
47.492
45.819
50.167
53.512
49.498
51.171
46.154
49.833
48.829
46.823
45.151
46.823
50.836
50.836
51.505
48.495
45.485
46.488
44.816
49.164
41.806
39.465
38.796
44.816
44.147
48.161
46.154
49.164
47.157
42.809
51.839
48.829
48.495
49.498
46.823
42.475
50.502
40.803
46.154
44.482
37.793
44.482
40.803
34.783
36.789
45.819
43.813
43.144
47.492
44.816
44.816
39.465
41.472
38.796
44.147
54.181
45.819
48.829
44.482
47.157
43.813
45.151
49.833
50.167
51.839
45.819
49.164
47.492
48.495
42.809
44.147
41.806
38.796
44.147
45.151
45.151
47.826
42.14
47.157
46.154
49.164
48.161
49.498
56.187
53.846
50.502
43.144
46.154
52.843
53.177
48.829
46.488
42.809
47.157
41.137
35.452
40.134
40.803
42.14
43.478
40.468
43.813
43.813
46.154
44.816
46.488
42.14
44.816
41.806
43.478
46.488
51.505
41.806
45.819
48.161
45.819
46.488
41.806
38.127
38.796
36.12
45.485
42.475
42.809
42.809
41.806
45.819
53.846
46.488
45.485
42.475
44.816
46.823
44.816
43.478
43.813
48.161
44.482
47.492
46.823
45.485
43.813
47.492
48.495
39.799
42.14
37.124
39.799
41.137
41.472
43.813
38.127
43.144
40.803
42.475
41.806
47.492
47.826
48.829
54.849
46.488
45.819
43.144
45.819
44.816
39.799
37.793
40.468
45.485
46.823
44.482
49.833
52.843
42.475
45.151
37.458
41.806
39.799
41.472
45.819
43.144
46.488
49.498
50.167
48.161
52.174
43.144
43.144
48.161
51.171
45.819
45.485
48.829
48.495
48.161
46.488
37.124
38.796
47.157
44.147
41.472
37.793
42.809
49.498
49.498
49.833
54.515
51.171
44.482
41.806
38.127
41.137
41.137
38.796
42.809
42.14
42.809
42.809
37.793
40.803
47.826
48.829
44.482
44.482
44.147
42.14
40.468
38.127
43.478
39.465
39.465
41.472
48.161
46.823
41.806
46.488
42.809
45.485
41.472
34.448
38.796
36.12
38.796
40.468
37.793
38.796
37.458
40.803
44.816
43.478
42.475
49.164
41.472
46.154
44.147
45.151
44.147
39.13
43.478
43.478
42.475
41.137
48.161
39.799
41.137
37.124
40.803
43.478
35.452
40.134
42.475
37.793
43.144
44.482
48.161
48.495
46.154
39.465
44.482
45.151
40.134
40.134
40.468
41.472
44.482
38.796
48.829
46.823
42.14
43.478
40.803
37.458
36.12
44.482
45.485
38.462
39.799
40.468
40.803
41.137
38.462
38.462
46.154
44.816
38.127
35.117
38.127
40.468
38.796
37.793
38.462
40.134
41.472
47.826
41.806
39.13
43.813
41.806
36.789
36.12
41.472
41.137
43.478
41.806
43.813
30.769
44.147
39.13
39.465
43.144
38.796
39.799
38.462
49.833
46.488
44.482
47.492
44.482
40.803
42.809
41.137
36.455
40.468
42.14
40.803
42.475
38.462
32.776
39.799
43.813
48.161
35.786
43.144
43.144
40.134
39.465
33.445
33.445
34.114
38.462
35.452
43.144
42.475
36.455
40.468
45.819
45.151
38.796
45.485
43.144
44.816
41.806
41.806
44.482
41.472
39.465
44.147
38.462
42.809
43.813
42.809
42.475
42.14
40.134
38.462
36.455
36.789
38.127
38.796
37.458
32.776
44.147
39.465
41.137
39.799
39.13
40.803
39.465
44.482
43.813
44.147
48.161
41.137
46.154
44.816
47.826
47.826
48.829
43.144
40.468
36.455
42.14
38.127
38.127
33.11
35.117
45.485
39.13
42.14
41.806
41.806
45.151
45.819
42.475
43.478
38.796
40.468
46.823
47.492
45.485
46.154
46.154
52.174
40.468
34.114
41.472
35.452
41.137
39.465
37.124
42.809
49.164
48.161
42.14
43.144
38.462
40.134
45.485
42.14
45.819
44.482
43.813
43.813
41.137
41.806
41.472
45.819
46.823
41.472
43.813
46.154
41.472
47.826
45.485
44.816
42.809
36.12
46.488
49.833
44.816
40.134
38.796
38.127
36.12
37.124
38.462
40.468
34.783
34.448
37.793
35.117
35.452
37.458
37.793
42.809
41.472
40.803
45.819
37.124
37.793
38.796
39.799
39.799
40.468
36.789
42.14
36.12
36.455
39.465
39.465
45.485
43.478
45.485
43.813
45.151
43.478
42.809
39.465
39.465
42.475
42.809
35.452
37.793
38.462
40.134
39.13
37.124
38.127
41.806
41.806
41.472
36.455
46.154
41.806
38.127
42.475
37.124
35.786
37.793
37.124
40.803
46.154
46.823
40.468
41.806
40.468
42.809
47.492
35.452
40.468
39.13
43.813
45.151
41.472
34.448
34.783
36.789
41.472
35.452
33.11
29.431
36.455
42.14
38.127
41.137
43.144
41.472
44.816
42.14
40.468
33.779
31.438
42.475
44.482
38.127
44.147
40.803
39.465
46.823
50.836
42.14
38.462
35.786
32.776
38.127
40.134
35.117
39.13
41.137
36.12
35.786
35.452
37.793
37.458
41.472
40.468
36.789
41.137
42.809
39.799
41.806
40.134
41.806
38.796
35.117
40.468
39.13
39.465
41.472
36.12
43.813
35.452
40.803
35.452
35.117
36.12
40.803
38.796
41.806
38.796
36.12
37.124
34.783
40.468
43.144
43.144
42.475
38.127
35.786
43.144
47.826
45.151
40.134
40.134
42.809
45.151
49.164
44.816
39.465
37.124
41.806
39.799
39.799
39.799
43.144
35.786
33.779
34.114
33.445
38.796
37.458
35.452
35.786
34.783
34.114
36.12
45.151
39.799
36.12
37.793
45.485
42.809
43.144
45.819
42.14
45.485
42.475
39.799
37.458
40.468
36.789
35.117
30.769
35.786
35.786
36.12
36.789
39.465
38.127
40.134
42.809
37.124
36.455
43.144
43.144
50.167
41.472
42.475
42.14
33.445
26.421
20.736
14.381
17.391
15.719
15.385
18.729
15.719
16.388
16.054
15.719
13.712
16.054
15.05
15.719
19.398
17.391
16.054
17.726
17.726
11.706
15.05
17.057
15.719
12.709
16.388
9.699
11.706
12.709
13.043
14.381
17.057
15.385
17.391
17.726
15.719
14.716
14.716
21.405
13.378
17.726
16.054
14.381
12.709
15.385
16.722
13.378
11.706
12.709
14.381
10.033
12.375
14.047
15.719
19.398
14.381
16.388
15.385
14.381
15.05
14.716
11.037
16.722
16.054
16.054
17.726
18.729
17.057
17.057
16.722
14.381
16.054
17.726
16.722
14.716
17.391
11.371
17.057
14.716
14.381
17.057
20.736
17.726
14.716
17.391
13.378
15.719
13.712
13.712
9.699
11.371
14.047
12.375
12.04
12.709
14.047
16.054
17.057
19.398
16.054
18.06
16.054
17.726
15.05
16.388
18.395
13.043
18.729
17.057
18.729
14.716
16.722
18.395
17.391
19.064
15.719
13.712
18.729
18.395
13.378
15.05
19.064
16.722
19.064
16.054
18.06
16.722
17.391
19.064
18.395
17.726
18.395
18.395
16.722
20.736
15.05
20.736
15.05
18.729
19.064
21.739
17.726
19.064
22.074
24.415
21.07
20.401
17.391
16.722
16.722
17.057
16.388
18.395
17.391
25.418
24.08
24.749
18.06
16.388
15.05
18.395
13.712
18.395
17.726
20.067
17.057
19.398
21.07
16.054
17.391
17.726
16.388
17.391
15.719
14.716
13.043
14.381
15.385
15.719
14.381
18.395
18.06
17.391
18.06
17.057
19.064
15.719
19.398
17.057
17.391
15.05
17.726
16.388
16.388
16.054
14.716
12.375
19.064
15.385
17.391
18.395
18.729
18.729
23.077
25.418
25.084
18.729
22.408
20.736
22.074
18.395
16.054
22.074
25.084
22.742
23.746
22.742
18.395
25.084
21.405
19.732
20.401
19.064
20.401
17.391
21.07
18.729
20.067
13.712
14.381
16.722
19.064
18.395
17.726
18.395
17.057
17.057
15.719
17.057
16.054
19.398
16.722
17.391
17.391
15.05
19.064
21.405
18.06
18.729
17.726
20.736
22.408
21.739
24.415
24.749
24.08
20.401
19.732
18.395
18.395
20.736
18.06
17.726
17.726
19.064
15.719
19.064
15.05
19.398
17.726
16.722
16.722
13.378
18.729
16.722
16.054
16.388
16.722
18.395
18.395
20.067
17.057
18.729
17.391
16.388
16.722
17.057
20.401
20.067
20.401
17.726
17.057
15.719
17.391
19.398
16.722
21.405
21.07
22.742
16.054
19.398
19.732
14.716
19.064
17.726
14.716
14.716
17.391
21.405
19.732
19.064
17.391
14.716
18.06
17.391
19.398
20.067
20.401
18.729
19.064
19.064
22.742
25.084
23.077
21.405
23.077
25.084
23.746
25.084
24.08
20.067
16.388
20.401
22.408
18.395
21.405
18.729
20.401
16.054
20.736
23.077
27.09
23.077
28.094
22.074
25.753
28.094
24.749
22.742
26.087
25.418
20.736
23.077
24.08
19.732
22.074
21.405
21.405
17.391
17.726
16.388
20.067
21.405
20.067
23.411
25.084
25.084
18.729
20.067
19.064
20.401
25.753
21.405
19.732
21.07
21.739
21.739
19.064
19.398
17.057
19.064
19.064
19.064
22.074
20.401
21.405
24.08
21.739
27.09
27.09
21.405
23.411
23.746
22.742
22.074
19.732
19.064
18.729
19.064
18.729
14.716
9.699
7.0234
4.6823
7.6923
6.0201
11.037
8.3612
8.0268
9.0301
12.375
6.3545
9.0301
8.0268
9.699
7.6923
7.3579
10.702
8.3612
6.689
8.6957
8.3612
8.0268
10.368
7.3579
10.033
10.368
9.699
9.0301
6.0201
5.3512
6.3545
6.0201
5.0167
7.3579
6.689
5.3512
7.6923
4.3478
6.689
6.689
9.3645
6.689
6.0201
6.3545
8.0268
6.0201
7.6923
5.6856
9.699
7.6923
10.702
6.3545
7.0234
7.6923
7.6923
6.689
6.689
5.6856
4.6823
7.0234
6.3545
9.0301
9.3645
7.0234
9.3645
6.689
8.3612
8.3612
8.3612
6.0201
8.6957
9.0301
5.3512
6.689
8.0268
9.0301
8.6957
11.371
6.689
7.6923
6.3545
7.0234
7.3579
7.6923
7.3579
7.6923
7.0234
6.0201
5.3512
7.3579
5.0167
5.0167
6.689
8.0268
7.0234
7.0234
8.0268
8.3612
9.699
7.0234
6.3545
6.689
7.3579
7.0234
6.3545
4.6823
7.3579
8.3612
6.689
6.689
7.0234
10.033
6.689
7.0234
7.3579
9.0301
6.3545
7.0234
5.6856
9.0301
6.0201
5.3512
7.0234
7.0234
7.0234
6.3545
5.6856
6.0201
10.033
6.3545
8.3612
9.3645
7.0234
7.0234
7.6923
7.0234
9.0301
7.3579
9.0301
10.033
8.6957
8.3612
6.689
8.0268
9.0301
7.0234
11.037
7.3579
8.3612
8.0268
11.371
8.0268
10.368
7.3579
13.378
12.709
11.037
11.037
12.04
11.371
12.709
10.033
11.371
12.04
9.0301
10.033
11.037
12.04
10.702
10.033
11.371
9.699
8.6957
3.6789
9.0301
9.0301
8.3612
11.706
10.702
9.0301
10.033
5.3512
10.033
9.3645
10.033
9.0301
8.6957
10.033
11.706
9.3645
10.368
10.368
11.706
12.375
8.3612
10.033
10.368
14.381
10.702
11.706
12.375
5.0167
9.699
12.04
12.709
9.3645
9.3645
9.699
6.0201
8.3612
10.368
8.6957
9.3645
9.0301
6.689
8.0268
7.0234
7.3579
9.699
8.0268
8.6957
9.699
8.3612
10.033
10.702
11.371
11.706
11.706
11.037
11.037
11.706
11.706
9.699
10.368
8.3612
7.3579
8.0268
9.3645
9.699
10.702
11.371
10.368
8.6957
9.0301
10.033
10.368
11.371
10.368
11.371
8.6957
10.702
11.037
9.699
10.702
7.3579
10.033
8.3612
9.3645
8.0268
15.385
8.6957
10.033
8.3612
11.037
9.3645
9.0301
9.699
8.6957
7.0234
7.3579
7.0234
9.699
9.3645
7.6923
8.0268
9.0301
8.0268
11.371
10.702
12.375
11.706
14.381
9.699
12.709
11.037
12.04
10.368
9.699
11.371
10.702
8.6957
11.371
11.037
9.0301
11.037
8.6957
13.043
10.033
10.368
11.037
11.037
8.6957
9.0301
10.033
9.0301
9.3645
10.702
10.368
8.3612
12.375
10.033
11.371
8.6957
10.368
10.033
11.371
11.371
13.043
9.3645
11.037
12.04
11.371
12.709
8.6957
11.371
10.368
13.378
9.699
9.3645
11.706
10.033
10.702
11.037
11.371
8.6957
10.702
8.3612
9.3645
9.3645
9.699
13.378
9.0301
11.371
8.6957
9.3645
11.371
9.3645
8.6957
10.702
12.375
12.04
14.047
9.699
13.378
9.0301
10.702
10.033
11.706
11.706
12.709
10.033
10.702
11.037
9.0301
8.6957
7.6923
12.375
13.043
11.371
15.385
13.043
10.702
12.375
10.702
11.706
8.3612
12.375
12.04
12.04
9.0301
9.0301
9.3645
9.0301
10.033
10.033
11.371
11.371
8.0268
9.3645
10.033
9.699
11.037
9.3645
9.3645
11.371
9.0301
8.6957
9.3645
10.702
11.037
12.04
11.037
10.702
10.702
12.709
9.0301
11.706
9.3645
11.371
9.0301
10.702
12.375
11.371
9.699
11.371
9.0301
13.712
11.706
18.395
12.04
11.706
13.378
11.706
13.043
11.371
12.709
9.699
12.709
11.371
8.6957
9.699
9.0301
10.702
9.699
10.033
8.3612
12.375
14.381
12.04
11.371
9.3645
10.033
8.3612
10.033
10.702
8.3612
9.699
12.04
12.04
12.04
11.706
11.706
13.712
13.043
10.368
9.3645
9.0301
11.037
12.709
10.368
11.371
13.043
11.371
8.6957
12.04
10.368
12.709
9.3645
11.037
10.702
13.378
9.3645
11.706
10.368
9.699
11.037
10.702
11.037
8.6957
10.033
10.033
12.04
9.699
9.699
12.375
12.375
10.033
9.699
11.371
12.04
11.037
10.702
11.037
14.047
14.381
11.371
14.047
14.716
16.054
11.037
13.712
11.371
13.378
12.375
12.04
14.047
9.3645
12.375
14.381
9.699
11.706
11.371
10.702
12.375
11.706
12.709
12.04
10.033
9.699
14.381
10.033
10.368
11.037
12.375
13.712
13.712
11.037
10.702
12.04
10.368
10.033
10.368
9.699
10.368
7.6923
12.04
8.3612
9.0301
14.716
10.368
12.709
12.375
11.037
11.371
12.709
10.368
13.378
11.706
12.04
7.6923
8.3612
10.033
13.043
13.043
14.381
11.706
12.04
9.699
11.371
10.702
11.706
10.368
13.712
11.371
14.381
13.043
10.368
10.368
11.706
12.709
13.378
12.709
15.385
10.368
13.043
14.716
16.388
14.047
13.378
11.037
15.385
14.047
16.722
12.709
11.706
10.033
13.378
12.375
12.709
12.375
11.037
13.712
13.378
9.3645
13.712
12.375
14.716
12.375
10.702
11.037
17.057
14.716
14.381
12.04
14.381
10.368
10.702
10.033
12.709
10.033
16.388
16.054
13.378
12.04
15.385
15.05
13.378
13.378
12.375
16.388
17.057
14.047
12.709
12.709
13.043
13.712
14.047
11.371
10.368
14.716
10.033
13.712
14.047
14.716
9.3645
14.047
13.043
11.706
11.371
13.378
8.3612
12.375
14.716
10.702
16.388
13.712
12.04
12.375
12.375
15.385
12.375
12.375
12.709
12.04
12.04
13.712
10.702
12.375
11.037
14.381
12.709
16.388
12.709
10.033
12.709
15.05
13.043
14.716
15.385
16.388
10.368
10.033
13.712
10.033
12.709
12.709
14.716
15.719
15.719
15.385
11.706
12.375
11.037
13.043
15.385
11.037
16.054
16.054
13.378
12.375
13.378
11.371
10.702
13.378
10.368
12.04
10.702
11.706
11.706
12.709
8.0268
15.385
13.043
12.04
11.706
10.033
10.702
13.043
12.04
14.716
11.706
12.709
12.04
13.712
11.371
11.371
15.385
15.05
18.729
14.047
12.709
15.385
15.719
14.716
15.385
13.043
15.385
14.381
12.04
12.709
14.716
15.719
15.05
14.381
14.716
14.716
15.719
14.716
15.385
11.371
14.047
15.05
15.719
11.706
13.043
11.371
13.712
17.391
12.04
15.719
12.375
13.043
14.716
12.375
12.375
14.716
14.381
15.385
15.385
14.716
13.378
11.037
12.375
15.385
11.371
15.05
15.05
14.381
10.702
17.726
14.047
12.375
13.712
12.709
14.047
13.712
14.381
14.047
11.371
13.712
12.709
14.047
15.05
15.05
16.722
18.06
14.381
16.054
14.047
19.398
12.04
14.716
15.719
15.05
11.371
12.375
13.378
14.716
19.732
28.763
30.769
30.769
33.779
35.117
43.144
42.14
38.127
33.779
35.786
39.465
37.793
32.107
41.472
37.124
36.12
34.448
39.13
37.124
30.769
30.435
32.107
33.11
31.104
23.746
30.769
29.766
31.773
36.789
37.458
36.12
34.783
32.441
34.783
30.769
35.117
31.773
33.445
33.445
34.114
31.438
31.773
38.127
30.435
29.431
34.448
31.773
30.1
29.766
38.127
38.127
35.452
33.445
33.445
31.104
32.107
32.107
34.114
30.435
31.773
30.769
38.462
30.1
31.104
33.11
33.445
31.773
28.094
26.756
31.773
30.769
32.776
28.428
34.114
30.435
32.107
31.773
32.776
28.763
30.769
35.117
28.428
32.441
32.441
28.763
33.445
35.452
34.783
34.114
33.779
34.783
35.117
39.465
35.117
35.117
32.776
30.435
32.107
35.117
35.786
32.441
29.431
34.448
34.783
29.097
32.107
27.759
27.759
31.104
30.769
30.769
28.763
31.104
30.1
29.097
29.766
28.763
29.766
30.1
32.441
30.769
28.763
30.769
31.773
34.783
34.783
30.435
35.452
35.117
33.779
35.786
30.769
32.441
38.796
32.107
31.438
30.1
32.441
32.441
35.452
28.428
29.766
33.779
32.107
31.438
32.776
32.107
30.769
26.421
30.769
30.435
26.421
35.452
36.12
32.107
31.773
32.107
32.776
31.438
29.097
35.117
34.448
35.786
29.766
36.12
29.766
29.431
29.097
29.431
31.438
31.773
29.431
31.438
32.441
34.448
29.431
33.445
29.431
27.759
29.431
29.431
27.759
30.1
30.1
30.435
33.11
33.11
37.793
32.107
36.455
32.776
27.09
31.104
30.769
27.425
28.763
26.756
32.441
30.435
33.11
29.431
32.441
31.104
32.107
27.759
26.087
24.749
27.09
27.09
26.756
27.09
31.773
24.415
31.438
25.753
25.084
25.753
25.753
28.763
23.411
27.09
23.077
25.753
25.084
24.08
25.084
25.084
26.756
27.425
28.763
30.1
27.759
26.087
23.746
27.759
27.759
25.418
25.418
29.431
28.763
29.097
26.087
23.411
30.1
23.411
27.759
26.756
24.749
23.746
21.405
26.756
26.756
27.759
25.753
24.749
23.746
27.425
31.104
27.09
27.425
27.09
28.428
33.11
34.448
33.11
34.783
26.756
30.1
30.435
25.418
24.749
23.077
26.421
30.435
31.104
30.769
29.097
35.117
27.09
27.09
29.431
27.09
29.431
27.425
26.421
27.759
22.408
26.087
25.753
31.104
26.756
34.114
27.425
25.418
27.425
30.769
28.428
29.097
29.766
31.438
33.11
31.104
37.793
35.452
35.452
34.783
31.438
25.753
29.766
29.431
28.094
29.766
27.759
29.766
30.435
29.431
26.756
26.756
27.425
28.094
26.756
34.448
32.107
28.763
26.421
30.435
33.11
33.11
30.769
26.421
29.097
27.09
26.421
28.094
27.09
30.435
32.441
28.094
30.435
34.114
32.776
27.759
30.769
26.421
27.09
28.428
23.077
26.087
25.084
28.763
29.766
33.11
29.431
30.1
32.776
26.756
29.097
30.435
29.097
31.438
31.773
30.435
27.425
27.09
24.08
28.763
33.445
26.421
28.763
26.756
25.753
26.421
21.739
23.411
28.094
26.421
27.759
32.107
28.094
30.769
30.1
32.107
30.435
29.431
31.773
33.445
33.779
31.773
28.763
28.428
28.428
30.435
25.753
28.763
34.114
26.087
30.435
