244.02
-261.56
164.13
-246.35
-106.16
-84.555
212.21
-156.7
34.3
69.177
237.5
166.28
-258.2
218.16
73.743
-220.72
13.17
186.75
66.161
62.024
-19.219
62.271
207.91
-80.715
-130.76
23.834
78.935
115.41
42.162
-127.76
73.726
-101.76
-266.7
26.834
235.9
177.63
172.56
-165.24
-251.34
166.57
133.33
127.92
17.537
123.98
-138.17
-224.97
-244.81
-119.17
194.28
-159.37
114.08
-231.94
154.59
176.46
-231.38
-146.73
79.248
-134.32
29.075
-9.6093
176.71
-77.979
40.481
-121.08
206.58
263.06
24.361
5.4557
-55.628
226.96
201
-187.29
241.39
-49.332
-116.99
-82.759
246.03
-69.424
-24.345
175.18
-86.649
-58.826
84.572
-194.72
57.425
25.251
244.35
124.08
-244.09
155.92
-211.88
184.87
152.66
153.11
-142.87
239.01
136.28
211.36
17.785
17.092
185.28
-175.6
113.56
-7.2029
-160.87
-2.2416
-56.782
-64.71
-68.271
259.93
112.76
-151.51
55.563
-161.31
-245.95
-91.511
159.96
-68.056
38.866
143.05
13.433
84.572
57.475
-109.15
-185.86
-99.571
-69.375
156.53
-23.933
43.217
-226.09
51.392
-193.24
-157.51
14.587
31.119
-46.019
180.4
-237.86
148.29
-92.665
126.29
224.39
22.021
159.44
138.04
198.78
-191.43
169
34.317
222.89
53.881
51.458
-116.89
109.25
-116.55
-178.08
245.67
-171.01
22.268
-55.843
-61.331
51.079
-70.776
-157.34
-6.1809
237.35
-168.83
175.75
146.45
-134.7
-204.8
242.85
151.29
136.13
52.233
-107.6
73.677
-133.77
-137.91
-174.86
-203.1
19.532
1.7471
196.24
-105.06
81.193
238.75
112.13
0.70875
93.357
-212.08
52.678
-158.69
99.983
-0.34613
-256.01
-253.78
145.9
188.15
-182.99
243.84
27.822
63.392
-27.575
134.35
36.575
-245.79
189.25
-225.63
211.68
60.738
201.89
-251.61
-85.05
55.48
127.44
-226.14
26.718
-145
58.167
-15.378
24.229
210.7
101.3
-65.501
-127.28
111.82
243.27
-226.4
250.52
26.866
130.56
197.13
-84.951
-259.06
191.08
55.892
71.32
218.51
35.652
154.85
204.88
208.32
110.56
-139.21
-19.96
-106.53
-69.573
-220.75
231.48
-252.02
38.355
-158.17
-210.12
-261.58
36.591
-11.488
18.048
-130.67
215.31
18.23
136.19
-8.3566
121.67
64.941
-193.97
-142.89
131.89
147.93
203.46
137.79
40.943
-60.952
-14.208
57.623
232.3
-241.57
-159.4
191.21
93.225
90.934
48.409
-268.75
-183.65
181.14
64.743
-209.56
-146.05
-48.508
262.5
254.57
-163.18
-52.711
-35.915
-266.74
-64.348
-148.52
-166.56
-77.633
162.12
-161.46
-258.78
31.877
-226.27
-146.12
262.98
-170.21
47.849
109.21
-172.31
-70.298
-230.57
-55.76
87.967
264.25
22.779
-98.895
-236.77
-232.14
179.21
-183.48
-151
234.28
18.609
-234.96
-113.61
107.56
-119.68
-179.82
-177.91
8.7852
-88.841
-72.111
87.67
200.13
-62.963
108.85
-136.33
113.42
-174.47
-52.991
-26.998
-51.854
-191.92
-7.2853
260.93
-1.2032
-237.33
93.95
-50.502
239.84
-242.38
248.54
110.48
174.14
174.68
-30.641
222.96
-258.58
23.125
223.19
-23.817
171.98
-232.98
70.776
214.67
196.83
138.77
123.14
137.09
189.91
-138.85
245.24
48.178
76.083
-44.585
-73.693
74.55
78.177
13.087
-51.211
220.85
87.357
259.11
116.2
11.752
177.58
95.384
-251.62
-9.1313
-67.133
-170.54
141.01
-251.11
-69.177
71.419
-18.872
217.59
169.8
126.7
-172.7
243.51
-151.01
21.18
243.56
-15.609
-38.437
194.26
234.99
-264.51
263.64
22.466
-20.9
194.18
196.5
167.73
-184.92
243.23
-194.82
-167.66
10.714
24.031
-256.12
-40.366
-38.866
-264.17
164.18
92.862
-71.699
73.792
-87.011
81.638
-162.62
-69.194
-95.121
145.85
-106.58
-258.56
-97.313
-50.486
168.09
-156.44
-113.4
-68.6
-152.43
-213.38
-162.01
201.86
38.717
-262.06
-204.45
78.177
71.237
-151.79
59.667
100.59
-125.81
206.3
16.73
98.12
-52.381
61.002
-82.709
-87.687
265.6
241.91
-24.46
-41.124
-73.166
-51.772
-16.68
166.89
-73.463
-13.351
-28.004
90.522
-107.58
97.329
163.62
134.74
-241.29
180.14
-80.83
-145.79
-58.035
60.722
3.2306
-80.468
170.23
-26.834
-146.07
-6.0161
-185.28
-53.271
69.144
105.67
148.08
-112.06
-230.16
-223.73
-116.81
244.95
-53.008
30.427
-118.34
140.04
-229.96
180.52
-4.3349
-259.35
247.4
227.15
80.385
-194.94
-229.85
-263.04
-253.11
-121.81
11.966
199.77
-240.92
-230.21
-259.71
206.9
-119.81
-203.15
117.01
178.21
-158.94
-233.29
152.56
-20.916
-106.11
-269.62
-152.66
-42.113
-89.648
-159.65
-92.467
266.67
-267.89
-258.86
42.311
-158.41
208.75
-62.765
129.24
-111.54
-1.7966
-194.89
88.626
-116.88
211.21
-258.86
-16.45
-242.7
27.806
-9.7741
-186.43
118.92
-5.4392
188.46
-31.745
-208.69
0.21427
136.56
-0.62634
-250.78
100.2
34.448
80.698
-211.49
10.664
-101.17
-264.03
196.06
209.87
237.56
-229.98
-143.1
97.247
-16.384
118.16
-1.2362
13.911
-159.55
-249.33
110.4
208.93
87.423
242.38
-113.56
-207.96
106.53
107.98
-9.7576
176.35
-179.92
88.33
250.42
-249.43
219.13
-167.13
75.721
-158.84
63.952
2.6702
253.45
120.16
-122.48
0.85709
-227.29
156.91
12.263
208.37
-58.2
118.69
209.18
-194.82
74.072
234.69
-15.609
-149.92
-141.57
189.98
233.36
-249.79
-134.22
40.761
0.69227
-105.13
-130.74
257.79
114.93
-40.25
23.916
-74.468
19.416
185.69
225.5
-22.169
-238.82
90.472
202.73
-265.68
-125.93
157.66
-238.29
80.418
49.711
110.8
262.7
134.78
-256.57
-92.121
52.414
-2.2416
-173.64
-85.478
-142.13
-92.961
-148.39
-236.05
15.856
-245.19
-242.01
33.229
-118.76
-64.447
-73.018
223.42
-201.53
104.61
-3.0657
-242.34
121.48
-121.59
-15.922
157.97
65.6
-28.35
146.6
115.62
26.751
82.858
193.04
193.93
-117.83
-191.44
-181.88
-161.28
-79.99
-147.01
-153.06
-53.634
122.88
-8.1588
-60.161
177.83
199.67
202.83
-171.96
-74.386
-213.48
216.2
-101.25
192.61
-186.38
-90.192
205.9
81.16
93.093
33.987
-85.594
203.44
229.04
153.73
-162.01
-128.25
-265.45
-200.97
24.064
-44.124
80.056
-10.466
89.302
-114.55
-226.73
38.289
127.21
-175.08
-228.3
153.91
256.53
-254.24
-137.12
186.9
154.05
-99.109
-114.69
-174.98
208.98
-169.57
-129.39
199.01
167.58
-263.46
-260.93
-153.19
101.61
158.61
73.66
-83.698
-61.743
-207.04
248.39
23.306
-95.648
74.6
-200.06
-75.226
255.61
217.6
-160.52
66.474
-213.96
146.81
166.64
-168.55
-213.3
88.412
-115.76
202.5
204.28
-5.225
268.34
72.325
-3.313
-267.58
-212.99
196.19
-268.04
265.2
80.435
134.58
259.35
-36.294
206.18
-119.89
128.46
39.146
186.47
198.02
-179.46
-57.062
-44.898
-62.568
-237.69
250.65
82.973
131.3
-40.267
45.475
267.54
-181.57
-164.66
-146.96
251.01
-39.162
-160.34
-132.91
-190.49
-229.32
139.46
-60.013
-188.02
-126.64
-89.022
243.91
-145.34
-115.25
240.48
124.59
6.2634
-246.02
-207.35
4.3514
-12.312
-247.39
-52.151
-228.6
-265.09
-206.44
251.61
-200.51
-162.72
251.74
236.34
-131.42
-21.922
-242.97
-183.25
1.5164
76.149
62.353
-223.04
196.5
22.103
114.37
175.85
235.27
-9.3126
108.59
193.57
-93.917
241.81
-100.21
187.32
11.422
2.39
-186.37
253.53
-118.05
-21.46
-181.23
-201.38
-244.88
132.77
-187.47
-207.99
-127.54
-254.95
-252.64
228.46
99.208
88.61
-63.161
-120.65
219.35
151.38
236.26
7.4336
64.051
45.97
-223.02
181.55
203.08
-54.211
100.84
143.73
-181.03
-60.573
-104.61
171.67
-188.13
-104.93
126.22
-133.79
169.29
-50.585
127.62
-37.152
197.35
-217.12
-267.61
83.55
61.331
51.508
-102.36
107.4
-260.46
-34.828
-179.02
197.26
-70.364
-62.947
-204.4
230.34
-162.8
-117.12
73.842
229.68
164.89
-114.12
163.69
-240.03
188.61
-108.88
155.2
34.91
-237.84
-79.264
259.83
-247.35
191.13
-268.58
70.941
-262.43
240.1
-47.519
240.48
18.394
126.04
-79.363
-202.69
12.51
-112.03
-60.524
-83.336
-115.43
-106.11
201.1
222.48
54.096
-138.58
127.67
-185.26
8.917
224.76
16.054
-51.854
62.403
-125.83
6.3293
119.66
-174.02
92.978
150.62
-39.591
-151.03
44.14
-9.395
-48.195
-44.882
17.62
-146.78
-86.204
34.3
-28.103
92.203
31.712
-269.51
267.38
-115.08
151.62
158.43
-57.326
187.72
164.28
75.968
59.7
111.31
-129.77
-232.52
-186.12
18.708
-135.01
242.41
-244.47
-125.96
-24.987
63.227
150.09
-37.366
267.23
127.11
-72.309
-185.86
-133.87
-244.65
148.94
61.727
144.8
-144.54
58.958
258.41
175.46
4.1371
157.31
179.48
-85.017
232.34
80.385
-83.154
34.02
-207.73
-14.488
-194.51
-125.1
-98.384
-128.71
-1.6153
244.67
-73.463
93.357
254.44
144.35
-38.47
-130.38
-43.003
-235.4
244.2
202.67
-95.005
124.57
53.321
96.967
151.16
-262.04
-132.85
-230.64
-37.152
182.18
-118.94
235.09
-157.46
-27.855
-13.318
245.36
-261.15
130.56
15.79
-176.56
126.29
79.149
218.82
-99.587
-214.82
118.05
129.34
-220.21
-109.61
47.305
134.09
-78.078
41.816
-11.604
31.646
74.567
-216.17
-60.755
178.62
263.56
201.86
56.354
-123.11
-15.592
129.17
205.52
57.755
-100.23
-51.03
28.581
83.418
85.017
-47.206
-205.01
-147.53
-182.49
6.8238
261.81
-232.01
99.192
-227.59
67.034
52.497
203.36
95.302
-176.94
-113.75
-158.81
-45.821
-66.655
160.52
237.15
-28.844
-173.48
77.352
-82.544
-68.402
12.856
-66.095
93.522
-25.119
-182.33
-99.439
133.11
267.99
-244.73
201.83
-81.654
57.738
36.805
249.07
73.759
-210.84
173.38
-40.629
-126.22
-141.6
-22.433
-245.34
66.408
-70.067
-1.2362
-62.798
202.64
76.429
-80.056
-11.785
-159.6
267.46
256.12
-196.39
-137.07
-57.936
-81.242
61.233
-224.52
69.128
230.77
59.502
-246.53
-252.89
157.89
185.68
236
189.96
-20.719
-220.16
222.35
146.07
248.31
189.37
-37.844
10.466
-242.85
173.1
267.92
-247.01
-153.09
77.781
-25.235
-152.76
20.109
115.11
231.78
116.75
111.45
191.46
139.08
28.053
-88.478
-264.81
-58.365
85.05
-129.5
-167.54
-265.19
-26.257
229.95
-154.89
-54.376
-68.814
23.57
-249.55
-118.74
43.58
-47.585
158.03
76.034
225.71
110.81
130.18
116.28
168.37
-195.58
-229.7
236.14
-184.9
-39.294
-122.27
-138.06
-49.398
16.614
16.037
-26.388
-196.09
-223.91
210
-39.261
-50.09
-94.428
-153.2
223.49
215.79
95.978
130.54
136.72
-108.34
237.28
-151.08
-100.94
-192.63
-92.088
-13.549
-109.48
-56.799
-79.66
-24.493
-130.38
103.26
-240.27
139.18
-136.05
-209.31
-10.038
-263.52
-214.24
44.684
-192.47
25.812
-128.35
264.86
-24.79
-30.295
53.865
52.283
-42.772
137.12
219.71
230.1
241.09
-19.845
-223.11
-60.293
69.82
155.12
-211.82
-130.21
-73.891
-48.673
66.144
-172.98
182.49
-44.569
-151.95
-8.3896
-246.35
-18.213
-141.73
-224.26
-204.09
203.89
-59.667
212.89
-113.38
-96.62
-80.814
-94.099
39.838
-107.96
171.93
-150.4
-143.4
-25.564
140.28
170.23
262.42
153.29
-154.85
24.081
-111.06
-176.25
-64.166
-212.46
76.38
-132.87
86.649
-95.681
-106.99
-43.102
-116.02
-163.89
219.83
113.8
-251.19
-75.968
-89.467
110.71
213.46
-96.637
165.07
79.891
224.57
-70.199
-42.063
194.59
53.37
-202.19
-237.2
-223.57
-16.565
230.79
256.98
232.32
-90.703
40.432
255.59
-122.23
-126.17
-39.888
-131.18
-235.04
61.727
-84.951
-217.4
-180.2
-229.82
229.6
-21.262
-65.056
269.6
-242.46
122.56
49.975
25.251
-74.962
84.341
176.41
204.7
-21.345
73.792
-221.2
-251.84
-227.05
-103.49
-103.16
-110.47
-268.81
76.363
129.39
-145.57
-111.41
-49.233
46.744
-237.74
0.23076
139.28
-79.495
-87.407
-123.67
-131.84
-249.51
33.476
-113.58
95.005
-77.913
115.1
68.007
156.35
-115.38
-128.86
192.2
-264.48
233.56
99.538
-1.5164
262.55
-147.85
-10.351
247.3
212.38
-9.5104
237.41
-267.18
47.733
-157.21
85.231
-204.04
19.136
-51.096
-178.14
200.05
-117.09
42.64
165.83
-197.69
-36.327
16.219
78.753
-217.31
-234.61
-54.574
124.57
-138.24
-199.95
-210.84
-69.902
-126.35
-249.59
-226.11
162.65
-29.174
26.158
93.983
53.898
-82.347
103.39
213.02
-124.79
186.76
-131.28
-84.539
121.89
-231.86
-212.21
-223.34
150.63
-17.438
17.636
-170.99
-181.36
87.192
-77.847
54.079
-140.25
-251.75
-254.03
-128.22
-199.54
-55.398
67.727
24.889
134.13
45.492
-121.77
51.837
-50.239
258.12
214.34
196.36
-245.44
-108.82
86.022
-267.26
239.95
-94.89
-189.1
-101.81
197.49
-178.67
109
24.905
-254.36
-168.01
-54.92
37.481
-197.02
108.17
56.667
158.5
55.085
73.924
-145.94
-10.714
-108.93
-70.413
-78.045
127.81
184.87
64.315
129.87
18.807
-48.178
136.05
97.049
215.71
-95.351
259.88
93.555
179.82
65.848
21.279
234.17
97.543
259.71
-217.59
-53.931
-252.22
83.055
105.19
-33.74
-10.532
-160.19
-193.36
13.087
169.64
102.47
229.88
-68.468
122.12
98.401
190.42
72.177
162.32
32.949
-106.35
-155.69
-168.14
-137.32
126.75
-30.526
169.98
88.363
-91.939
119.71
-46.332
235.72
-229.77
38.338
186.66
-261.4
159.44
38.651
-208.21
-62.831
-196.92
87.572
56.947
-6.6589
71.979
85.297
-60.244
221.72
75.918
-63.243
257.46
-125.53
34.712
113.89
223.45
263.7
43.613
-77.336
-59.106
-29.685
87.324
-132.98
92.615
48.64
-141.55
6.1974
-56.205
235.37
-143.91
206.66
-148.82
13.582
-234.15
143.48
-106.69
94.132
99.571
91.824
2.6866
114.49
-120.44
-251.13
-30.13
95.632
151.33
-68.732
84.242
141.04
-127.95
-212.86
-64.018
112.84
111.37
229.67
249.87
124.06
66.556
-177.02
218.66
22.466
-78.473
184.01
-103.79
86.616
53.914
77.567
114.09
-65.864
99.39
205.8
6.6425
-216.35
-252.51
-238.9
218.48
107.96
-4.9283
-31.284
-57.755
60.326
-144.95
226.8
-249.73
-168.09
90.39
-199.9
4.6316
-226.42
214.01
120.06
-19.433
-21.295
205.69
267.76
166.47
-19.12
-234.41
-25.152
177.98
-248.06
16.252
-12.263
118.13
222.7
-231.6
267
253.76
-234.58
-178.34
-19.647
124.36
-165.8
-133
175.21
195.24
-95.285
-192.27
-87.407
-163.46
252
-184.54
259.25
-158.81
-166.11
-238.96
215.92
164.97
69.358
37.036
65.551
-199.55
-117.34
7.4006
-143.81
-222.81
215.34
105.06
-37.663
-62.601
-170.03
-7.582
7.6149
137.1
-181.74
-98.104
-260.84
244.11
72.836
137.93
-156.27
-54.59
-188.79
89.22
-236.19
-126.16
-127.44
221.87
242.1
-223.01
-202.17
132.04
-264.2
-80.698
-61.991
-177.95
93.687
-175.09
25.185
200.43
106.58
52.381
162.68
217.82
-38.388
164.48
-19.252
-215.66
-88.231
241.93
-40.992
93.011
-8.3731
0.72523
-161.46
256.14
-49.431
-126.98
254.72
-211.16
207.42
143.51
-203.64
-157.7
-51.59
248.98
-178.98
-145.36
-21.411
165.53
222.55
20.883
-113.61
-258.3
-266.51
58.76
-14.604
-30.427
-30.872
260.89
69.935
-13.17
59.881
-49.629
155.74
-54.574
31.053
231.68
119.94
-7.8622
-180.96
-111.78
-208.5
-196.42
16.417
96.538
-182.23
-89.582
-128.2
147.11
162.2
-38.833
-100.82
-263.65
183.62
258.38
-143.58
-240.05
13.301
-13.994
-267.2
57.409
-10.565
-64.892
-92.978
-158.46
-79.594
151.13
40.481
264.96
146.46
32.784
-194.44
225.53
-216.1
-215.26
95.533
-123.16
-257.61
-123.8
40.662
-88.05
22.054
-105.7
-214.12
-265.86
103.94
-208.14
126.45
265.91
134.35
145.56
231.18
132.45
-213.4
-36.707
-182.36
-82.347
-170.21
87.011
172.79
200.92
108.7
-1.1867
-65.089
31.185
79.973
35.784
81.308
59.568
205.44
9.6258
71.204
-165.85
-88.083
234.4
-94.066
-88.429
40.992
246.48
116.12
50.453
-3.6921
267.71
-82.363
99.357
266.13
84.588
187.47
185.18
60.787
205.21
231.08
110.43
173.1
134.41
14.01
-235.83
98.483
203.67
-9.2632
-26.718
-255.48
-22.944
256.12
-238.7
61.414
227.41
169.26
129.5
-266.85
-214.36
-71.336
85.363
-3.5602
127.72
21.164
-67.974
-237.97
-242.42
-249.81
261.69
-143.83
-46.596
-100.13
-218.54
127.53
31.465
241.86
-20.455
164.35
-90.489
212.15
-180.76
-145.05
-67.875
260.93
-238.83
3.5273
-252.13
113.2
-267.92
46.86
33.245
257.97
-217.37
-211.83
-6.8567
196.29
266.62
-43.25
61.002
242.31
-196.29
-4.236
-263.62
-249.33
-133.71
8.9335
-82.231
144.93
15.939
97.362
153.73
126.8
-89.17
-201.76
-181.93
-236.31
167.59
-224.66
157.54
167.87
191.21
-54.607
-182.79
198.55
-169.08
220.88
-74.056
197.2
-78.407
-213.51
132.31
-246
-262.93
177.06
259.3
-267.99
-120.26
58.727
53.255
-22.416
-185.35
206.33
15.906
-82.017
27.229
138.37
-211.5
-126.14
-265.42
-1.846
-253.7
-83.55
46.431
-73.512
34.564
208.64
224.1
33.954
-264.81
-13.483
-152.36
82.924
-256.9
189.85
-164.25
148.84
245.49
84.39
193.54
-209.38
121.81
-58.859
-185.23
226.82
97.098
45.887
135.07
196.21
-119.48
-225.48
173.96
-212.28
205.19
228.56
-63.458
173.17
-38.569
86.649
47.091
192.68
-92.253
92.368
87.308
90.769
108.47
87.984
-178.44
-250.93
106.38
195.09
-106.99
56.106
-49.2
-186.3
-30.163
-34.383
120.34
76.644
-250.76
-86.401
-50.733
-82.462
60.985
104.35
121.61
-186.9
106.87
178.27
253.2
267.81
-84.456
-72.803
139.79
-143.5
187.39
156.88
-243.84
248.92
155.46
144.55
69.573
181.62
-201.1
-92.352
107.86
-205.29
-193.09
-142.15
194.03
-52.315
-1.0549
198.02
129.35
3.2965
-163.03
161.83
-263.34
214.75
47.882
-60.87
227.1
133.11
73.974
127.44
179.13
73.166
141.29
219.07
-28.07
-72.474
-28.828
-104.17
62.584
224.28
95.186
-138.12
-120.4
-158.03
16.384
-194.94
125.45
-202.16
194.16
-57.936
207.73
222.66
-73.067
85.989
4.269
-67.298
49.035
-54.59
-157.23
111.01
78.127
38.47
-79.742
-44.058
-141.34
-253.93
-213.17
26.932
33.245
30.097
152.81
51.096
265.8
68.419
-87.819
221.49
143.23
-157.66
-91.478
-236.29
-167.78
-171.07
58.628
-254.14
-48.244
32.438
22.12
34.877
243.17
263.62
25.136
127.56
-217.93
-216.33
-235.88
-55.233
236.21
83.583
208.47
147.62
98.252
-110.52
-208.39
-192.43
25.086
88.94
98.302
-154.42
-85.956
-186.22
98.087
-29.273
-189.33
230.69
-78.984
-168.78
-11.867
227.44
-245.28
-210.4
-200.33
-186.19
45.129
132.83
-98.697
19.103
-64.925
-158.41
228.93
156.7
210.7
-158.63
-66.672
-156.78
-83.665
27.526
-257.95
1.0878
-238.39
-255
-7.038
-5.9667
72.622
103.43
-117.65
-176.74
-194.77
-45.92
33.937
-216.22
-167.18
245.56
96.258
191.33
231.96
1.4175
24.526
-194.28
-209.15
-208.12
258.97
86.978
35.355
139.48
-210.09
240.02
259.68
-95.895
-70.413
231.58
-146.76
177.91
118.51
68.946
-240.5
194.1
40.168
64.166
86.22
95.978
-11.406
73.941
-3.725
80.731
-27.443
-104.98
117.54
-177.43
-165.06
-154.46
-252.79
30.097
-38.272
-111.82
84.39
135.37
244.75
-150.47
-95.747
247.75
3.9228
-164.94
-145.29
163.23
215.01
206.34
-101.7
-58.579
102.92
263.72
-113.96
-131.6
-169.13
-192.83
257.03
-96.703
-61.348
230.39
193.54
6.1645
-28.729
157.49
150.68
77.649
13.977
95.055
-131.76
268.62
-24.872
-22.087
-244.95
-43.464
196.88
35.306
-69.54
262.07
-248.61
-113.75
88.824
261.74
-246.23
-48.788
131.88
25.367
-1.3021
-257.64
-62.98
-104.4
-207.83
92.879
-142.77
151.72
-135.83
-148.71
56.304
174.93
-210.81
225.78
-136.21
-61.743
-2.835
-17.059
-51.096
52.991
83.781
-115.01
-200.94
45.838
52.035
-115.36
-98.895
129.03
-123.59
250.5
-181.55
230.47
-215.94
-214.78
102.55
-16.796
72.556
-54.425
104.85
108.75
-101.81
237.41
260.14
-207.89
52.167
170.94
119.75
254.77
-140.58
-191.77
-23.586
-188.64
-235.93
-147.01
219.43
55.546
-222.32
-2.0768
-119.79
-121.86
-156.47
201.56
-257.62
88.33
8.3566
-80.979
194.48
-112.3
-105.14
258.86
-176.26
120.17
-2.5713
107.94
-80.946
-68.897
-99.686
-264.1
248.26
-198.12
-49.184
223.8
262.42
-88.626
-267.49
-4.4668
-219.33
-30.954
151.14
201.96
-233.84
206.56
227.1
265.42
-192.38
188.21
-26.504
-25.663
251.65
141.82
0.47799
-10.302
31.201
-220.68
211.75
-211.31
-230.87
107.56
-36.08
99.571
-210.94
149.79
-133.66
-12.576
-82.281
-121.71
262.68
-244.85
256.53
93.571
28.68
247.53
-204.5
78.49
-179.77
250.34
-17.735
-87.967
-115.26
-33.707
19.614
244.35
-117.06
-47.816
-96.11
-240.28
-17.076
18.724
251.57
169.72
-231.91
-173.97
-136.54
50.816
-104.4
107.94
227.99
-133.39
122
217.09
-228.69
167.78
-192.48
58.892
221.95
-57.985
7.8457
-111.37
182.02
-256.7
-41.058
-70.084
-220.35
-132.83
-129.21
-215.23
235.01
-129.19
244.22
-149.53
222.35
249.25
106
49.25
207.75
241.85
19.416
30.806
157.49
-213.63
-262.35
-24.328
56.469
128.48
-170.81
141.93
11.983
-212.11
92.747
159.01
53.123
232.86
28.943
66.853
-155.81
153.68
113.23
183.42
99.868
142.79
110.86
-34.35
-268.42
194.35
243.15
208.4
-143.78
85.791
149.07
-201.75
-142.34
-131.6
-189.52
75.325
94.544
-116.12
129.06
-168.58
231.38
-260.93
190.54
-267.02
-10.549
-126.85
-65.815
115.87
-60.557
-64.875
44.289
-152.48
11.983
-234.2
-241.49
32.256
-121.2
202.69
-215.82
206.39
70.661
-156.75
33.196
-77.517
-17.043
-212.1
58.167
-53.403
-41.19
-235.6
-218.34
-126.12
25.053
134.4
-220.93
104.65
-230.33
-56.486
118.15
217.44
-157.23
-243.61
-195.93
97.741
66.342
235.47
58.463
251.72
80.929
89.681
-18.922
-160.98
-216.94
-199.22
18.526
194.79
63.672
136.03
-48.03
-92.846
-206.79
-6.115
-51.969
-228.17
172.32
205.72
-154.57
-131.68
96.192
-85.94
-100.61
6.4611
-122.7
246.36
-80.468
-191.54
-187.52
-42.426
237.5
-153.11
-16.598
23.554
252.35
-211.36
150.29
237.79
226.17
-243.28
56.799
-243.78
238.63
80.962
158.89
-107.28
55.002
48.079
-8.2742
-176.76
-148.77
96.34
153.78
124.86
211.8
-35.108
-79.874
-96.241
-32.108
-148.23
5.159
-129.31
-205.87
228.45
-17.999
239.95
96.258
33.064
-122.73
-12.115
212.81
-117.57
31.58
198.43
41.816
-64.15
-135.83
215.23
-243.05
248.18
84.671
259.19
-126.98
-269.13
-4.6481
-87.16
-89.978
235.52
191.23
170.4
-164.46
240.73
249.76
-269.69
52.843
29.158
169.28
70.034
-244.9
198.73
-234.97
-257.47
74.649
-58.826
-241.44
164.31
87.835
-204.63
-193.36
-33.888
-242.13
187.55
14.027
27.229
-40.481
-30.971
-41.289
4.3843
-192.47
-67.677
-144.27
6.6919
-79.314
18.592
254.65
261.61
-9.5104
-52.744
-26.834
149.74
44.206
-46.926
-144.86
-218.53
-31.811
59.93
-36.805
124.34
31.086
195.93
218.41
107.33
-20.867
228.48
88.115
248.33
70.298
-11.653
165.78
-224.64
-220.42
49.513
-130.21
-189.5
-263.82
-79.495
68.353
146.17
92.434
-215.69
-108.62
97.115
251.77
157.28
239.31
-26.685
-136.24
254.57
8.5874
168.2
148.21
6.4941
93.588
155.86
-192.63
52.184
150.95
-101.94
-119.7
-45.574
47.585
244.39
-180.71
121.64
98.664
-169.75
-193.09
146.91
204.17
112.92
236.72
198.7
-79.083
-48.772
258.33
194.72
-246.5
51.986
226.47
234.99
165.35
249.96
203.76
-261.5
1.2856
-267.45
-191.02
-123.95
235.96
-107.52
105.9
-4.4503
93.258
-121.57
-70.331
-172.23
-257.84
-201.23
-104.1
-263.85
-142.47
57.359
161.59
-113.83
-163.8
213.37
-18.279
-169.77
-75.984
-6.6095
-36.13
-173.81
-157.84
252.41
-30.625
180.1
113.12
-92.269
-253.12
29.998
43.596
-233.87
-5.6535
-223.11
217.87
-211.93
-105.59
120.03
-169.62
189.65
3.6426
-83.138
89.533
108.62
-253.72
202.62
264.15
92.994
-179.63
-82.33
120.49
-32.207
238.58
-126.12
72.078
152.96
-100.87
105.88
253.63
-91.709
-221.51
-120.87
169.52
-259.98
-22.136
-178.44
124.29
208.7
-165.4
228.91
266.64
-88.165
-64.727
86.006
24.592
183.04
177.02
52.052
33.113
119.91
133.1
-170.87
-136.05
261.69
142.99
-73.149
259.01
116.3
195.85
-216.48
67.232
188.13
-80.418
-143.83
-125.98
72.853
55.48
78.308
-196.67
-66.556
197.18
-201.52
195.12
155.25
111.64
54.013
-110.78
-268.88
227.99
-87.67
-11.241
11.159
-6.7743
23.504
-263.92
24.691
263.04
166.11
189.91
246.17
-53.865
-212.18
80.649
-152.05
221.33
-72.342
32.916
-58.348
269.39
-177.29
-15.856
192.15
232.52
251.87
50.436
228.04
-53.766
-223.96
259.42
21.279
175.51
-206.16
-46.233
237.61
126.64
167.38
-226.63
-43.596
-125.75
-92.978
-126.07
-185.99
-39.657
84.028
-245.39
-65.65
264.3
96.093
-92.549
58.81
142.39
134
130.03
147.65
-67.397
27.493
-218.76
-48.079
257.16
-183.66
28.152
41.256
267.91
210.73
-24.279
-56.601
265.34
-60.474
145.95
49.893
-224.76
-188.41
-36.229
53.7
-165.98
-161.56
36.146
69.639
-172.46
57.557
-22.218
-56.832
-198.6
-217.21
-263.65
-45.838
-269.92
163.72
-226.5
164.73
-79.66
-40.646
-255.97
-66.326
81.572
-197.15
-187.47
-178.29
84.803
-44.173
-172.44
213.27
-117.93
225.32
-14.587
-44.074
-170.23
71.897
240.41
183.45
139.49
-156.5
172.69
156.9
157.39
-11.258
176.25
170.2
233.51
2.1427
-54.046
-221.79
61.809
-212.57
137.2
154.77
-132.78
-55.052
64.1
125.6
-19.037
-45.788
249.79
59.172
20.653
-40.844
23.076
-203.61
-151.75
-9.7741
-82.33
178.72
88.132
254.93
-221.95
-214.42
193.41
-251.39
156.81
51.805
-230.46
10.137
-18.592
-85.231
195.68
218.41
212.82
192.43
-48.739
-207.61
249.2
36.245
104.04
21.46
-67.891
-201.02
-60.853
60.639
208.01
123.98
115.76
43.217
243.84
-253.4
152.83
-30.278
216.78
-230.05
30.592
-171.48
-72.243
-183.62
185.1
-84.671
96.126
20.372
261.87
132.07
-264.15
-22.466
186.42
9.8895
-259.22
31.119
195.48
79.907
167.86
-204.15
142.77
-234.91
141.52
35.207
-90.11
108.16
24.394
-35.965
95.005
-51.706
131.86
252.48
-142.13
-4.1866
-67.858
138.98
245.49
8.2907
192.93
238.02
67.199
-18.79
165.07
205.41
252.99
-109.33
-172.93
-120.06
264.68
120.97
144.96
-62.403
103.63
229.72
-80.204
208.14
-228.08
9.5269
58.365
-252.69
-176.59
103.66
-239.14
165.68
-237.93
27.822
-63.771
171.02
7.3842
-252.91
-243.99
162.37
23.422
-94.362
229.01
-115.39
-210.51
237.28
-262.86
-263.54
-153.19
121.86
-157.79
-82.792
-202.75
75.737
199.7
-229.7
-62.139
173.59
-193.85
157.18
-184.95
-18.559
-171.93
102.44
-238.58
66.985
-145.19
-94.89
-223.27
-164.12
2.5878
247.12
-171.24
-194.33
-190.03
152.3
-12.214
160.13
251.44
-190.69
-29.932
-88.231
56.535
-8.9995
-55.315
-228.83
-170.41
-54.409
-237.53
-13.582
105.22
-187.46
246.41
-48.871
-12.049
-89.385
-137.86
-61.529
-86.747
-144.86
60.046
-137.99
-4.6316
263.56
-159.85
151.19
-152.76
51.805
214.32
1.4505
246.71
135.01
94.099
-221.72
217.01
64.1
214.44
111.52
-237.1
-243.35
-85.149
-157.54
176.48
261.5
-3.3459
252.51
122.2
-256.65
161.1
-120.08
-146.48
178.27
141.22
61.134
248.29
-239.31
184.16
197.76
176.63
-16.07
178.98
-105.98
-29.932
88.396
-141.55
106.53
0.2802
99.983
73.512
-173.21
-187.26
202.37
249.53
88.132
-104.91
-58.892
37.267
231.05
58.134
13.532
48.343
-22.087
-204.73
73.314
230.41
34.036
-261
135.17
201.94
-132.02
-265.73
267.71
43.992
32.174
-18.922
-175.34
245.03
153.9
-182.66
-267.48
7.9775
-262.04
244.14
48.937
-141.73
171.19
-82.676
-64.793
-72.919
-100.15
-184.24
-225.09
-201.22
23.273
225.6
-125.65
38.981
228.84
112.49
-105.98
76.446
138.42
-257.47
-42.904
118.08
150.44
180.24
-65.996
137.96
32.602
174.8
-165.55
-214.29
77.88
228.99
-210.38
-181.98
242.99
151.61
-54.079
242.23
-256.9
-112.2
-191.39
-23.257
74.006
-92.286
-36.294
-184.08
50.371
-122.35
219.89
-219.6
-230.82
173.91
-50.502
-48.854
178.65
-146.33
-69.77
114.29
64.397
-182.12
-103.94
-131.3
-15.016
74.435
-58.678
-64.974
190.8
39.657
81.77
68.814
50.7
204.81
-190.47
78.275
193.97
-151.05
-80.402
-61.447
31.58
223.88
-14.785
213.53
-74.435
-1.0549
-82.956
18.197
152.05
147.93
1.1043
-251.52
45.212
-238.11
136.46
-34.514
57.112
134.27
-101.1
-10.4
80.995
108.69
-240.5
-205.95
80.154
164.08
57.227
85.297
-249.74
-208.45
108.55
29.982
-66.144
-174.06
-222.37
-104.12
120.64
254.29
234.89
-173.54
258.97
-163.34
-229.37
-115.34
250.37
146.32
54.903
206.76
-123.06
81.687
-53.321
250.52
-132.47
196.85
-143.36
-180.75
246.63
-136.08
80.913
-176.74
-230.69
17.719
-223.6
247.58
101.75
162.53
-266.11
-144.73
51.508
-233.43
185.89
-88.396
-104.61
106.02
122.48
-133.77
22.185
-120.36
-40.085
157.84
-242.03
63.573
-36.13
201.12
-189.17
164.12
-106.31
-84.226
-11.818
-34.712
263.28
-35.355
-200.72
204.53
-162.12
-246.28
-166.59
-177.53
-207.3
70.117
77.369
92.203
-75.473
-76.957
251.51
-34.415
-44.635
13.104
-153.85
53.535
-113.78
20.092
70.364
-47.75
-214.54
45.195
-61.331
241.21
-261.07
147.63
-60.128
268.24
-47.832
235.42
27.79
-113.35
-169.69
-65.831
243.71
-144.83
79.363
-173.03
37.036
-4.5327
-72.985
-60.573
252.5
251.16
-55.431
124.54
-171.06
-256.11
174.93
97.28
-120.42
-53.403
242.44
-217.65
-230.23
-78.391
58.826
-251.52
112.66
85.956
-123.98
-202.42
-202.52
246.18
-127.03
-163.69
179.84
99.686
-82.363
-96.34
-235.77
-23.026
32.52
174.81
-235.14
11.604
170.97
268.93
-78.226
-128.79
-44.289
-163.33
47.618
15.856
19.944
-262.95
-56.041
-45.179
180.5
53.453
12.032
243.3
-149.03
-40.761
43.316
-225.09
232.57
51.491
39.987
-65.551
230.41
2.802
-192.61
-152.38
-186.37
3.0328
-85.709
82.314
-6.56
-135.59
-34.415
-62.568
137.98
-111.64
270
141.83
-83.402
-250.01
40.893
82.38
187.64
-55.942
-190.31
152.35
137
141.24
56.65
220.87
53.041
232.26
79.792
-87.934
124.28
160.84
-93.588
171.75
72.045
-5.5711
-263.97
-18.51
-139.74
-256.88
112
98.417
246.3
-137.94
199.27
234.05
-162.62
-163.46
-260.56
104.58
135.6
209.84
202.44
-20.768
55.035
19.268
-32.586
-236.82
-115.82
58.43
-49.283
-250.32
-75.424
197.91
83.5
-242.38
18.526
202.41
129.09
-125.02
-202.52
250.4
-99.159
266.23
-185.15
-58.562
-236.39
-99.01
-56.255
195.76
-183.1
-52.662
220.63
-42.986
-107.96
-103.46
267.79
-138.78
236.52
-237.94
82.05
-223.67
-174.04
-69.952
115.43
260.72
-224.26
-21.048
229.21
267.64
-199.26
177.6
-120.52
-248.31
241.72
-204.22
-252.07
100.36
93.851
110.56
-60.87
-8.1424
77.847
-108.41
-190.06
-240.56
80.632
-142.05
131.2
-31.696
-4.5492
128.76
127.41
-149.36
-114.54
208.88
219.74
119.96
210.15
217.78
117.4
82.627
-186.86
131.81
-226.63
134.71
34.828
-243.23
-169.44
-197.41
95.5
235.52
238.55
17.933
160.36
121.66
197.1
-163.8
212.11
-94.445
31.927
238.8
-208.59
-247.62
60.194
-243.4
-215.87
-246.18
-268.81
-225.68
27.971
-49.101
-88.363
-241.02
-242.66
119.22
192.81
-66.128
206.92
-160.51
-242.41
-149.84
125.14
213.17
-151.52
-33.212
67.183
248.14
-254.47
-89.104
-118.95
-146.71
261.68
-237.78
199.55
183.6
-214.78
76.776
-34.877
173.92
222.7
-22.334
234.02
-123.64
60.623
195.66
80.814
18.197
90.555
108.98
41.107
-5.6535
106.43
109.26
66.721
-121.51
-126.31
-223.27
-40.366
186.78
170.03
220.6
-239.77
-43.135
-143.56
-91.511
-227.51
-111.64
179.86
80.913
171.65
-254.36
-46.613
-21.213
-14.538
-77.27
-78.391
266.72
30.756
182.51
-72.078
165.57
75.375
205.01
-148
115.58
168.43
-112.15
-28.68
134.63
-11.126
27.674
-209.59
264.18
-157.95
25.498
139.79
-253.73
122.42
-166.29
-220.67
-248
-213.25
-145.24
244.22
-200.95
-117.03
-41.932
220.42
-1.4669
-215.57
217.68
-204.23
-188.94
167.63
148.99
61.628
196.37
178.36
-12.345
146.33
-54.359
-71.468
-15.708
-225.04
-77.797
-50.898
245.28
17.208
20.158
221.71
224.57
100.3
267.25
56.898
251.09
43.662
-182.03
69.573
99.653
133.52
-263.08
83.319
25.251
6.2304
-163.82
207.55
26.685
-8.0764
35.487
-1.9449
-22.07
-89.121
242.29
-214.87
117.27
-35.899
33.888
131.12
146.68
-23.768
-253.81
154.74
115
-144.73
84.308
135.85
-188.68
-93.176
7.7797
171.15
170.89
-187.36
-39.723
-172.8
28.531
-94.214
130.26
-218.71
170.78
50.387
207.35
31.597
65.436
189.07
178.23
-173.2
-136.92
-101.61
120.42
-185.05
192.76
192.6
-142.03
92.368
-52.892
99.175
150.8
-161.69
-244.75
208.32
96.522
249.73
-112.51
-143
-222.79
-238.04
226.39
19.565
147.35
183.29
102.03
-208.92
180.65
-60.557
-247.19
-7.2523
3.9558
-91.181
144.58
101.61
177.75
-195.37
198.88
-15.065
-15.873
-87.341
-131.91
255.86
-145.75
-155.18
103.76
75.622
4.5657
67.001
92.038
228.63
81.077
243.78
-165.55
-238.98
122.51
-205.27
-19.828
110.7
-115.21
149.25
-170.08
22.466
75.16
-268.75
29.965
24.378
-19.449
142.84
193.47
103.51
-86.319
-150.53
268.78
103.18
220.16
-219.61
-2.1922
15.642
113.75
99.571
260.56
205.82
-183.1
75.49
144.34
-178.31
-163.7
184.57
98.862
-95.121
103.87
138.09
153.06
-163.26
-90.11
-146.84
-180.88
78.292
193.5
-128.79
-222.94
-42.063
79.182
40.498
-81.473
41.272
62.205
-34.861
48.887
56.156
34.119
60.26
67.71
-54.755
77.863
22.301
16.318
55.431
25.993
-19.515
-5.8348
-7.9116
29.949
-2.2251
46.662
-16.928
-74.732
88.89
-39.047
-37.218
-76.347
-22.152
57.936
1.401
-19.12
61.678
-65.221
-24.196
-4.6316
18.79
-69.82
21.312
-22.268
50.684
27.262
-54.755
49.86
10.054
54.046
89.071
47.766
36.558
65.353
88.907
21.131
-8.6204
-53.271
-71.913
-30.097
38.388
48.706
-59.683
31.267
23.867
-25.004
-20.405
66.293
-23.207
-31.613
54.046
58.974
-1.9614
-40.53
-16.746
-67.479
-72.688
11.571
-41.14
56.766
15.098
50.7
-13.367
-21.493
-80.253
-0.049448
60.425
-33.789
-2.0109
40.349
59.189
-89.764
-49.085
-62.189
5.7359
16.647
8.9006
78.012
-76.594
89.879
56.832
-35.306
-4.4997
14.274
-26.125
16.384
44.321
-0.21427
-47.486
-14.636
12.082
37.86
42.294
65.749
-81.226
-0.82413
40.02
-72.226
28.976
-85.066
-85.396
24.971
49.464
-48.937
25.367
10.104
-75.49
58.266
-74.105
37.234
57.491
79.726
-14.191
72.886
7.0051
-87.72
28.927
84.572
-49.003
-69.573
-25.433
45.014
-15.873
-71.386
-46.217
-68.188
64.826
38.619
12.626
89.385
-87.522
-56.238
81.506
19.268
88.346
-80.583
-4.6151
-51.442
12.823
19.219
-80.979
-47.915
76.99
-41.124
-88.874
-29.075
55.843
52.035
81.902
77.221
72.375
-27.987
63.573
-1.8625
-89.352
30.328
-50.305
-6.3293
20.273
13.235
-70.364
58.084
47.272
56.106
14.867
35.339
-22.317
-42.492
87.489
-25.119
-61.562
58.843
34.597
-68.238
-49.299
-47.849
-59.634
45.97
60.903
49.019
75.375
-28.696
76.182
5.5216
-51.689
-8.9335
-21.164
-57.639
-30.526
16.713
-88.626
31.383
53.618
-69.705
-76.611
60.161
9.4445
-2.2746
-7.8622
-22.647
-67.397
2.4559
18.048
45.673
-5.8843
-69.639
7.516
-56.766
-38.009
26.421
26.603
-6.0161
45.953
-20.208
55.299
-53.997
44.321
-72.226
72.474
-52.233
-35.899
80.336
-75.16
-32.372
2.835
5.2579
-49.695
12.724
54.343
-39.294
-38.206
69.787
-60.491
-86.583
22.054
-67.957
60.26
-75.21
11.736
-63.804
42.822
40.926
-57.491
-27.377
-67.924
-71.106
39.937
26.899
-45.97
-86.385
-20.059
58.183
54.788
53.189
-65.122
68.402
67.727
76.38
84.572
14.34
-64.546
-63.046
-19.664
57.145
20.076
22.202
-89.368
30.509
-74.715
19.795
-34.992
-3.6591
-69.639
-20.125
86.236
46.876
21.197
-17.521
-25.268
-43.695
39.129
-32.471
68.238
88.544
-17.801
38.651
-68.633
-41.833
-26.454
89.088
-5.0766
12.626
32.8
-8.4226
52.695
55.777
85.248
-28.696
28.861
-1.6153
68.534
-43.267
60.606
-65.353
45.129
-81.16
87.192
-68.765
-29.685
-27.18
61.216
-70.562
-51.739
-64.084
-4.4503
27.888
47.272
62.518
10.598
-51.178
58.002
2.5218
-9.7412
-10.681
63.886
76.1
55.183
9.0983
-28.152
77.682
49.134
56.172
78.078
74.633
-9.2797
47.849
-41.899
60.985
11.439
17.504
-49.794
-29.603
35.915
40.366
-39.525
58.793
-68.946
12.774
7.4006
-51.805
50.717
52.629
2.3405
-23.801
-73.347
64.743
60.31
-31.333
-32.932
49.744
-77.435
68.617
83.517
-2.2581
-54.063
60.771
-12.757
-24.031
-34.547
-9.3291
-25.564
19.598
-73.875
26.652
46.382
-35.981
-85.577
86.863
28.877
19.614
22.152
-21.477
72.589
50.024
68.847
-8.6039
44.552
-52.48
-66.87
-18.691
-0.82413
-31.333
-10.236
24.79
73.314
77.797
-21.477
77.435
-72.144
-47.618
38.437
11.884
-89.335
-17.735
-0.46151
-58.463
-85.412
15.461
-50.041
27.625
-50.931
-13.516
-5.8183
69.54
28.465
-64.084
-58.925
44.618
13.961
-42.311
-14.785
-53.98
11.966
88.692
-12.626
69.935
3.4778
1.8625
44.354
31.3
-54.738
55.744
-57.26
-49.86
63.985
79.792
88.379
53.156
-35.454
-11.076
86.863
-59.518
16.367
48.788
-57.31
59.98
71.452
-64.447
-14.983
-84.819
74.913
41.058
55.002
-30.872
-36.476
-57.211
-43.019
-40.118
40.052
-80.567
-60.458
-53.271
12.461
-35.981
-3.8404
-47.915
50.272
85.33
-57.672
-44.256
30.625
83.566
74.995
81.968
68.831
82.116
-35.388
5.2909
-84.028
44.783
76.314
-49.513
14.521
88.346
-52.826
-69.441
85.165
54.392
-75.506
84.951
84.242
-34.547
68.996
-49.777
-77.138
-42.97
53.304
-61.974
86.912
-79.116
-41.981
6.8897
51.261
78.72
46.481
-45.294
-3.1811
78.506
-27.114
58.43
-14.966
2.357
-23.619
-20.62
-14.571
70.496
-59.963
-15.378
-46.86
-48.31
-56.749
84.209
-86.335
-42.311
-76.462
-14.587
-50.321
-41.964
-61.743
10.104
-60.82
-24.608
-86.138
-83.55
-1.846
3.3789
13.301
-83.797
-23.586
-70.281
68.749
-65.518
-18.757
-78.605
75.918
43.646
-56.716
5.9502
67.348
-85.083
-80.352
-89.929
56.073
33.245
58.991
16.647
-68.979
50.75
67.265
52.332
67.1
19.812
-47.981
-0.74171
54.557
21.51
51.425
39.245
13.334
-7.549
67.199
58.529
-79.149
-18.543
42.855
-39.047
-35.981
72.045
37.877
-3.4284
59.782
67.018
-86.335
64.908
-10.631
-21.015
-57.953
26.009
5.2909
-31.712
-55.876
24.411
-58.546
77.188
-72.985
77.039
19.087
87.176
-46.332
-1.9779
-35.322
13.202
52.151
-3.758
1.4834
-70.693
48.755
-77.946
-25.465
-40.695
-3.9228
-54.64
18.856
54.145
-66.804
57.161
-47.321
66.705
52.53
28.152
40.728
-42.904
-33.443
-52.217
-30.888
-15.246
72.193
-72.276
-41.602
-70.446
52.25
-29.174
61.265
28.383
-4.9283
30.13
27.064
70.792
68.056
-75.82
39.805
18.922
-86.879
-59.057
45.212
45.624
-5.0766
-46.019
54.936
-1.846
-37.844
22.828
23.29
-61.958
58.777
44.124
68.518
-70.726
-61.216
41.701
-87.39
-70.067
19.581
63.342
53.667
88.956
45.129
59.123
63.606
-77.929
4.3349
74.864
-2.7361
30.559
-32.388
-86.467
-66.309
-46.431
-53.997
-21.773
69.194
-52.25
-48.821
-20.933
-50.7
16.565
54.557
-87.506
-80.056
1.6153
79.759
2.4394
-87.423
-6.9062
-43.481
38.783
-67.611
82.956
40.316
8.0105
-6.7084
-16.268
-42.426
-12.873
69.375
-63.705
-78.638
54.574
48.162
-37.498
-39.146
-16.944
82.825
39.492
-38.371
-6.2798
-72.391
71.353
-23.043
57.837
44.783
80.896
23.933
-23.043
-33.344
8.2742
85.594
62.386
81.358
-45.228
-71.336
-56.337
-17.406
2.2746
21.691
-43.102
59.683
-16.779
-17.851
-79.528
-52.25
59.766
63.557
-82.66
12.395
-42.508
-82.017
64.117
70.809
54.738
25.004
1.4175
-44.849
42.855
60.969
-49.629
-11.323
-18.378
14.834
52.596
-71.139
58.233
13.911
1.0054
22.499
59.255
9.5269
-87.39
11.801
31.613
1.4834
1.434
30.987
8.1094
52.744
63.705
-27.295
29.916
27.262
2.6207
56.321
69.227
4.5162
56.634
-30.509
79.841
-74.386
45.08
31.004
-47.321
-41.206
42.047
-77.451
-48.162
26.899
38.206
69.474
7.0545
-61.117
77.715
-29.949
49.398
-1.9285
-3.5273
-13.961
-60.326
12.049
-62.502
43.909
-79.841
68.089
43.349
8.3731
-16.565
60.425
-13.746
-46.662
80.121
-1.6812
-83.369
0.84061
-31.993
29.899
32.784
-81.012
-12.065
25.976
-65.947
89.006
-28.004
46.481
40.778
-28.91
-5.3074
80.698
-80.023
-88.066
10.054
-65.699
-28.647
-3.9723
16.268
79.891
-30.196
46.283
-75.572
68.501
-8.3072
4.2525
69.457
-3.7086
-26.306
-85.989
50.074
-21.411
38.223
-78.045
-73.166
66.935
53.717
-61.43
-47.503
-54.392
-24.328
-40.498
53.041
53.535
-39.673
-4.3679
39.954
42.442
-22.152
-62.65
19.037
84.753
71.155
63.903
-19.136
12.609
-33.031
21.922
-32.949
12.197
-34.432
-87.967
43.843
73.331
-15.494
-37.069
-71.204
-22.927
53.107
-83.055
-27.18
-37.531
44.898
-0.51096
-68.122
44.882
-4.0052
59.7
-55.118
83.995
-2.6042
57.079
14.076
-89.533
-51.623
-77.336
-27.344
-39.327
-15.823
-58.694
-64.232
-71.287
88.346
23.306
-11.834
-89.137
-67.71
51.409
25.548
61.035
56.766
-58.974
9.2797
37.794
-55.612
-1.1538
41.701
81.968
-8.9335
-70.776
70.034
-24.856
66.721
17.752
-62.667
-44.42
41.47
-7.2358
65.238
10.071
87.654
30.295
26.669
-19.054
-85.841
-88.973
1.401
-25.779
79.1
2.868
-70.661
-24.955
-50.535
80.253
-7.5984
16.367
82.396
-52.085
-66.655
78.753
76.281
-42.129
29.899
53.123
65.765
35.306
55.727
-56.601
-34.3
-2.2416
86.451
56.073
27.625
50.321
-45.228
82.264
-17.999
85.05
-50.156
-88.247
62.419
-85.544
89.962
63.787
41.322
52.645
20.026
85.709
81.374
-49.283
52.414
-83.797
44.766
-16.961
50.156
-0.32965
-39.591
38.19
33.921
49.991
-82.891
77.006
23.207
55.777
81.621
-58.546
35.899
65.831
-43.283
85.198
-52.019
-52.958
8.9335
-26.718
-59.535
65.963
7.1864
-10.549
37.3
-63.771
-73.413
5.1096
43.827
40.349
70.891
78.852
-55.661
76.545
32.586
41.519
73.677
-40.893
5.6535
-69.26
9.9554
-46.613
-23.933
-10.664
-75.638
-31.449
-18.427
-36.278
-71.6
69.82
-10.005
-12.774
58.859
-75.193
-8.3896
52.744
-19.202
-5.8018
67.694
-56.683
-53.024
89.286
42.97
-34.778
77.369
-48.739
-19.433
60.046
-59.733
-70.38
-5.637
-70.1
51.31
78.918
57.936
-21.592
13.648
7.3512
81.819
15.691
-80.319
32.141
80.253
23.191
48.277
28.614
-43.942
-75.127
-84.835
35.306
51.36
-50.964
22.647
-64.644
-24.922
52.217
-14.34
-16.4
-11.389
-52.942
-16.631
-71.93
-59.073
-43.003
-45.92
-58.051
14.62
-5.9502
48.426
-42.772
28.597
51.87
70.726
32.569
-48.887
-16.499
-4.8294
48.722
-25.779
72.985
12.378
-79.66
-60.227
-50.008
-1.879
-23.076
31.894
76.528
-28.498
-42.261
-71.056
-12.214
-20.323
-24.542
50.436
-32.982
11.62
58.843
-10.763
-58.496
79.001
-38.322
55.266
10.681
46.069
-80.484
-76.594
49.382
9.9719
74.419
-64.43
18.922
-14.719
-24.444
72.424
11.439
-18.296
67.512
66.804
-60.804
-31.037
9.7082
61.051
63.573
70.858
83.912
74.122
80.781
-71.171
-48.92
12.378
-32.289
-37.761
77.847
-53.964
78.605
-58.398
51.294
83.467
-29.273
66.705
-22.301
-46.398
-71.122
-43.745
-84.077
-86.385
17.851
-12.593
88.561
-76.776
13.104
18.18
16.384
-33.789
-79.594
-58.167
-39.41
44.058
-59.139
51.491
38.058
-73.908
58.051
-88.956
0.26372
84.835
-36.113
44.684
-72.045
-35.833
76.495
-3.9888
85.281
41.701
-5.1755
-70.034
-2.0109
-79.347
-23.537
-41.157
55.876
-26.487
54.788
-50.074
-68.782
-6.0491
18.279
-35.503
-3.28
-28.383
-36.624
15.543
42.558
-49.052
46.464
-78.737
13.829
54.953
-30.114
47.832
65.6
-48.426
-16.45
-39.838
67.282
58.183
-25.284
-42.558
-61.743
-81.012
-67.891
69.622
-34.959
-3.1317
21.114
1.6318
-0.97247
-58.579
72.325
-19.466
-74.435
-43.547
10.367
-75.094
3.3789
-77.385
-71.303
-87.16
-54.524
47.008
-14.076
74.517
-15.131
-83.187
11.406
68.551
86.879
-87.341
-34.893
82.792
17.504
40.943
-26.949
-64.133
-31.91
-28.976
-58.793
39.179
-18.279
-85.462
-17.224
46.184
81.325
25.498
-10.203
39.212
51.244
-66.688
66.853
-44.239
-10.236
-44.256
-32.322
3.2471
84.835
-24.971
54.227
-68.188
77.715
32.009
-29.487
-84.094
52.2
-58.282
42.426
-2.0273
54.59
-57.953
-45.525
-6.4447
48.557
-3.1646
-37.992
28.531
77.567
7.7303
-55.48
-70.99
-13.433
3.0493
-55.925
1.3845
-41.14
50.634
-7.4171
38.091
77.171
-21.526
-50.123
-67.001
-74.155
-56.469
32.421
45.277
-26.768
65.452
64.661
-80.171
-2.8515
18.955
13.697
63.771
-23.999
20.224
38.75
32.701
73.05
-40.135
-24.163
38.272
42.574
29.454
35.586
65.419
-83.467
72.754
-38.437
31.515
-9.9225
38.19
-7.6973
-32.042
-59.601
78.275
18.427
-24.542
-78.127
-52.612
79.363
-45.508
-17.686
31.432
11.851
29.174
0.49448
-38.272
-70.562
63.227
-38.586
-41.289
-62.024
-70.38
89.549
-26.553
-9.395
-36.888
-2.2581
-79.808
79.198
-40.316
40.382
59.683
38.404
7.9116
-0.74171
75.177
-57.128
-73.561
6.4282
-55.101
-68.32
-2.1098
-45.838
53.304
-6.9721
76.413
40.465
-11.175
-78.242
73.578
-75.259
33.905
63.276
37.25
-75.82
14.257
40.613
86.055
-80.995
-39.064
-69.952
-12.593
44.552
88.214
73.644
-42.739
24.262
65.073
25.416
67.941
-40.58
-51.903
-30.723
-34.828
-65.254
30.608
62.139
-51.31
54.425
-48.673
80.303
9.906
-38.173
-51.425
84.951
-44.915
1.0549
34.778
6.5271
71.633
-45.854
14.406
-27.081
8.472
26.998
26.57
0.032965
-82.775
38.025
-77.682
-18.197
-7.8127
33.031
36.327
-74.188
36.377
-21.773
62.436
-73.644
18.18
-17.719
7.6314
5.192
26.454
-89.78
67.545
-41.701
75.342
0.57689
-15.906
-1.4834
-64.925
52.217
6.9721
51.722
-87.539
77.847
32.388
-88.346
10.565
-88.05
-1.0714
32.454
64.43
-57.755
5.5546
-59.683
58.496
-20.784
77.715
-20.273
13.878
-68.946
87.489
24.477
-52.876
89.615
-32.701
-68.814
39.393
84.011
53.387
-29.916
-81.654
-21.098
5.3568
-82.33
-60.095
-52.876
40.827
-7.5325
-36.229
28.202
80.764
50.849
41.041
76.462
5.1261
-70.199
-83.072
-23.504
55.266
-67.677
62.189
36.937
-2.5878
-29.191
-80.715
-80.764
-52.2
-82.33
1.2032
-29.322
19.087
69.194
73.43
17.34
-54.326
62.238
-46.893
37.893
-8.8511
-15.114
69.26
8.3566
5.2414
0.51096
-32.405
40.563
-85.709
-78.918
49.052
-78.391
-55.661
-19.35
44.503
-28.729
70.166
-14.29
7.0051
17.504
-79.611
13.598
86.978
52.299
-17.702
-47.519
-37.218
-82.314
-6.1315
-23.735
-54.837
-66.754
-72.622
-22.4
-58.398
16.911
-24.081
38.965
-55.744
56.881
5.0107
38.141
71.666
-22.762
22.548
-24.13
-17.851
51.739
32.734
27.064
-57.507
35.207
70.759
-31.284
21.724
-71.023
-38.586
-65.848
-68.518
17.307
-30.938
-16.697
-58.414
-34.366
-66.243
-14.488
47.915
-75.391
39.673
-31.729
52.398
60.211
-77.649
-62.172
-25.828
74.039
79.215
-68.501
-14.406
-14.455
-48.574
53.766
9.2632
86.022
24.987
-76.248
34.432
-74.221
-48.376
0.64282
21.345
-66.062
35.075
13.73
-6.7908
30.311
62.732
-6.7908
87.621
75.243
-83.385
-27.987
-7.994
10.829
28.152
14.636
-83.616
47.371
35.751
74.946
-88.709
39.525
39.888
21.971
-20.933
-18.708
-83.945
52.431
11.736
31.267
-89.714
30.015
-81.127
-19.153
83.369
-28.894
-16.4
-41.239
55.909
-12.065
-44.651
1.7636
-33.394
-4.3349
-28.927
-17.422
88.033
-5.3239
-24.691
-40.992
71.073
38.8
-83.319
65.155
32.635
0.32965
-41.948
-32.536
-70.644
-66.886
57.26
58.892
-44.766
81.292
56.799
-9.6423
-18.246
-48.706
55.826
-64.166
77.847
15.658
-3.3624
-78.374
-73.347
-18.477
19.07
17.669
-22.861
-56.123
0.87357
-18.872
-85.495
-15.592
49.332
-81.012
19.416
-23.702
50.98
-6.0161
1.7307
-39.426
-16.977
-74.814
77.55
28.515
45.591
-2.2087
42.475
86.583
58.447
-13.73
88.775
64.084
73.71
60.359
79.396
-63.606
-11.06
-9.6093
-11.587
88.973
5.5216
-10.961
-24.015
-68.435
-25.548
73.776
-0.70875
71.122
-22.993
27.542
11.142
33.525
-47.997
3.28
-12.181
-0.89006
-85.594
-56.832
-30.954
-33.723
12.378
49.596
-35.207
52.167
1.3186
-49.035
6.4941
35.635
75.111
38.388
-13.615
24.427
0.26372
42.97
-7.7468
-55.612
-74.089
53.535
44.338
16.021
-79.528
-35.108
70.628
19.812
35.322
-80.187
-73.133
-16.153
-49.134
-41.008
-8.4061
39.509
5.3733
4.747
-59.634
-6.7084
68.831
80.451
-62.601
68.831
73.479
44.75
-69.523
1.5494
-21.675
-88.511
-28.35
-13.433
-66.556
50.964
-67.265
38.338
80.781
48.244
4.3349
26.323
34.861
42.871
-6.8402
-14.472
-38.701
35.8
35.19
-54.788
72.21
39.723
-73.496
-87.028
49.81
76.94
83.006
-49.2
-26.932
-67.957
21.147
13.779
-35.635
37.58
-62.386
-16.367
-76.462
-80.237
59.7
-67.413
16.515
84.16
-58.529
12.378
35.701
27.18
-82.924
-43.942
-38.717
8.7687
70.875
-30.938
-87.621
-51.953
-89.401
-77.056
72.869
-49.546
-78.012
-55.365
47.519
12.461
-36.542
-62.732
21.592
-44.14
67.479
-34.168
73.182
6.4776
82.281
-26.158
-51.327
69.869
81.242
57.161
-85.198
-31.102
16.235
-34.432
40.415
57.211
61.892
72.408
-73.941
62.337
60.722
58.315
-25.581
-83.319
-43.234
-16.845
45.904
-48.739
-52.348
9.3621
-72.243
-84.852
-10.4
70.084
27.724
-70.248
35.751
-18.197
-63.573
13.68
54.194
89.253
-71.798
-15.741
15.164
2.2746
23.471
-32.438
40.151
-70.183
-73.957
-28.383
-14.834
-32.339
55.711
-37.481
32.009
12.329
14.356
-83.467
4.5162
-29.883
21.79
10.895
54.442
-41.536
-59.123
63.128
82.94
-20.208
-43.728
-42.294
-11.175
-13.483
76.841
-15.922
19.598
-53.815
53.766
-50.519
-3.9723
81.654
-50.107
0.23076
6.3787
79.182
25.136
-6.2304
-13.186
-53.222
1.1867
-1.5494
-22.581
-9.5104
16.961
4.3349
-10.45
-26.471
-24.13
-22.581
26.916
14.488
13.153
-7.9116
13.994
21.707
-6.1645
23.405
28.333
10.845
-2.0603
-9.8565
-13.17
-28.498
-3.4119
5.0931
19.565
8.0105
-27.707
5.7854
-0.31317
-1.3516
-7.8786
2.1922
-0.32965
28.202
-16.417
-27.13
-28.07
-29.899
12.032
28.828
3.7415
-23.735
17.999
-15.823
-8.6698
19.647
11.587
2.5053
-29.042
5.5876
18.955
-27.229
-15.032
-28.927
-20.537
8.7357
-23.389
-6.4117
9.7906
-11.06
-24.064
18.526
28.482
0.06593
-20.323
-11.472
-0.92302
4.714
-29.767
17.471
24.955
10.516
-6.9062
18.658
1.4175
22.367
1.434
17.208
-2.3405
23.817
17.307
-12.428
25.185
18.675
-20.916
21.312
28.713
28.251
8.5709
4.3349
-2.1592
-1.912
12.774
14.686
-22.581
10.021
10.054
-21.477
0.2802
-2.0933
-16.779
10.318
-6.6919
18.79
-29.207
18.493
7.9775
7.7138
-15.032
-8.4061
-28.713
-19.285
-10.021
-9.4939
9.939
11.389
-27.625
-17.916
-21.922
-16.911
-12.461
-21.411
-0.51096
16.993
-23.867
-3.3954
-24.691
23.141
-27.246
8.0929
-12.757
-15.494
22.004
8.0929
-14.29
-12.247
18.23
-5.8018
18.955
-9.7741
19.103
-19.004
-5.3239
-25.433
20.372
-10.845
-5.9996
-23.438
29.289
-20.273
-17.702
-6.0161
-15.592
-24.163
28.004
-27.048
18.164
-16.037
-15.757
-5.4557
-28.894
9.0819
29.52
15.823
10.549
-7.8127
-19.532
-8.3731
17.158
11.142
-26.899
25.367
24.74
-2.7855
3.791
3.8569
15.51
-26.965
29.256
-25.828
0.69227
-16.087
14.109
24.691
-6.115
-1.8296
-4.236
8.1588
19.977
-15.807
-9.0819
-13.466
-7.0051
9.0324
29.24
-2.6866
15.18
-15.873
24.378
-10.763
-1.9449
-11.653
26.421
4.0052
-16.598
-24.806
11.225
1.9449
-1.0549
-9.1148
21.724
16.862
-26.916
-26.372
19.004
24.971
-28.152
18.296
-8.4555
14.554
-11.142
1.2856
-2.6537
-3.4284
0.59337
-3.4119
-6.626
9.4445
11.488
-16.367
15.049
-3.0493
-11.043
6.3128
19.68
-27.773
20.62
11.01
-6.6919
27.114
6.4611
10.021
13.763
-11.455
17.208
23.949
-29.833
25.119
0.21427
17.389
-24.509
29.026
-24.691
-23.504
-29.042
12.461
-11.472
-23.224
2.5383
-0.98895
-29.899
-26.537
-24.691
-19.4
-16.499
4.7305
-2.0768
-18.23
26.24
-3.0328
-1.879
8.4226
-0.49448
-27.13
-1.846
-22.449
13.565
-7.6644
5.8018
-22.696
3.2635
-1.6647
7.9775
-7.2523
-22.004
-1.2856
-24.955
-17.257
13.054
-7.4171
24.262
14.027
-15.411
23.01
13.697
20.702
1.0878
7.2688
-0.29669
29.24
22.284
25.465
-4.8459
-0.51096
11.785
-20.142
11.455
15.856
-0.11538
-16.301
13.137
27.114
-16.4
7.9611
-18.477
26.52
-5.5052
27.757
16.829
15.543
-11.983
19.812
-5.0766
22.614
-15.098
17.274
-12.312
-16.4
-5.5876
-20.257
-11.01
3.9228
-24.147
-23.108
-10.631
11.109
-29.701
8.2413
24.674
-27.328
-1.9944
20.389
6.0985
2.5713
11.274
-9.6752
10.631
-13.384
-9.9554
-6.6919
0.18131
16.483
19.894
7.5325
-9.6423
-14.356
-0.18131
-23.57
0.57689
-6.0985
-1.8955
24.559
-21.213
26.652
-17.059
23.043
-0.016483
8.472
-2.7196
-6.6425
-24.542
23.438
26.471
-17.01
28.185
-5.7194
5.67
13.252
8.5709
-15.708
16.664
21.79
7.7633
-0.85709
26.207
-6.9391
3.313
-23.405
8.6698
18.741
23.01
3.6097
-20.62
13.994
7.3677
3.2965
-4.0052
-11.571
18.741
-16.087
3.5767
15.873
-8.2248
-18.922
-4.4832
-28.663
11.323
4.5492
-6.115
15.032
-9.1478
-14.719
-25.795
-1.5658
-20.982
-2.6372
-6.1645
-10.12
6.3952
28.383
26.108
-27.905
-12.065
-26.092
15.098
17.785
0.90654
20.62
29.273
-27.526
-6.5106
-5.225
19.713
9.5763
21.015
3.4613
15.279
-3.8569
-11.373
21.328
-28.844
23.718
0.23076
19.861
-10.911
5.7029
5.9337
17.916
11.175
18.79
-13.812
-19.202
-10.236
-29.042
10.829
-2.2087
-0.18131
20.801
-1.6483
14.126
-13.812
-9.7247
12.214
-0.69227
15.527
27.394
10.532
-9.1148
14.389
16.565
-8.1753
-8.2577
-13.499
6.4117
2.1262
-12.181
-25.218
-18.131
29.734
-17.9
15.724
3.7745
17.653
-26.273
25.037
-20.504
15.23
5.3403
5.3733
-2.3076
12.461
-17.373
23.24
-29.998
14.356
6.7743
3.791
6.9721
-9.4445
21.971
-17.818
21.378
-21.328
-25.96
22.4
-17.801
-4.4338
-29.256
19.252
24.46
-2.5713
26.174
-27.839
5.7029
-18.131
-0.67578
-14.702
8.1259
-15.213
-25.878
1.434
-11.422
23.619
7.7633
-8.2577
-21.51
22.63
-21.526
2.9009
12.56
-24.509
-9.873
2.9009
24.856
16.054
15.889
-7.0051
2.2087
9.5928
-24.427
-19.614
-13.895
14.686
-26.52
-29.817
16.845
29.916
-27.954
-21.691
29.158
25.795
26.339
24.328
17.884
21.938
-8.5215
-2.4229
3.1811
-6.7084
-1.5823
-18.543
-27.691
-28.663
-9.7906
-17.043
12.527
16.136
-15.461
-23.438
5.5052
-2.8515
-11.258
-14.027
-5.1425
18.609
-22.185
-10.417
24.641
7.104
-19.565
-5.9502
-19.103
-23.043
23.092
17.438
16.548
15.032
-28.564
-15.609
7.3182
-5.7689
1.3021
13.812
4.203
25.433
1.7471
17.274
-2.2087
-13.384
29.537
9.6423
10.598
-17.966
21.229
14.686
2.1262
8.1424
-13.582
23.586
-6.0326
-14.043
1.1043
-19.779
-18.658
-21.988
-11.406
10.763
17.01
13.598
2.6537
-27.41
-11.274
1.1538
14.274
19.416
19.334
23.801
23.504
-26.685
-3.5273
-23.916
-24.856
-26.108
16.417
-2.7361
25.482
-11.9
-4.5492
19.631
-3.8569
27.048
-21.757
3.6097
-15.444
10.878
9.5269
11.736
13.038
-16.862
18.642
-18.329
4.4997
-26.652
16.829
-19.598
-20.043
-18.015
25.531
19.515
21.707
7.2193
-6.9391
-7.994
-16.796
23.999
21.872
1.0219
-3.313
28.218
8.6698
-9.0654
-5.9502
24.031
17.241
-0.24724
-27.872
-28.037
-14.538
-23.323
-13.746
-8.8841
26.075
-23.043
-15.098
-8.4885
-19.565
24.279
-14.752
19.993
-24.542
29.751
0.16483
21.065
-26.487
24.262
-21.246
-9.7082
15.098
-12.955
-11.604
-18.708
24.724
11.521
16.334
-21.114
27.377
18.675
7.994
14.669
24.79
-16.12
-20.405
21.295
-26.042
-0.19779
4.203
-22.598
-29.339
4.7964
-17.224
7.1864
20.059
18.131
13.45
-22.647
8.7852
-29.289
4.4668
-11.521
-25.367
-7.3512
8.2577
23.224
-13.994
-25.119
-17.059
-2.1592
21.955
18.971
11.9
-10.433
25.993
22.466
29.916
12.543
5.4392
0.26372
20.488
-4.0547
28.416
-15.642
2.0273
8.8346
8.95
-24.559
-8.983
13.219
-18.345
15.098
4.0217
20.043
-11.801
9.7082
-8.2742
24.839
6.8732
-2.2911
-17.455
1.4669
-1.7966
-29.932
-4.6481
-13.202
28.465
-1.8131
18.774
-11.653
25.086
1.7307
2.1427
-15.51
-3.1152
6.3458
15.461
-18.84
11.043
-14.389
-20.587
29.009
21.378
28.449
19.845
-4.4008
22.383
-5.8678
26.372
14.702
21.526
-15.477
26.916
-10.681
-15.658
9.6093
-18.559
5.8183
-26.29
29.932
16.713
-3.8239
-18.955
-5.0766
14.389
16.977
22.729
12.626
-10.598
-18.938
-5.8678
-28.218
-11.258
-3.8899
8.1424
-10.631
-22.548
15.609
29.158
5.1096
25.564
3.9228
2.6372
8.6863
-14.983
-0.2802
-17.752
7.7138
16.614
0.72523
-8.7522
15.774
-4.0547
-19.647
-12.56
-7.9611
-18.411
2.7855
-16.483
-7.8457
-2.835
21.279
23.883
16.977
-9.6752
13.17
9.4115
10.714
-18.213
-24.18
-14.653
9.7906
-19.268
17.208
-2.1427
4.9118
11.142
-13.202
19.977
-6.1974
-29.421
14.966
22.713
6.0656
-1.7636
3.6756
1.7636
17.537
20.175
-7.7138
22.482
1.6812
-6.8897
-19.927
-8.2577
-0.11538
-20.092
-7.994
25.301
-5.4063
9.0983
-22.087
29.982
-1.1208
-28.927
28.449
-23.059
-11.867
-9.9554
-13.186
-21.345
-24.839
-22.152
-2.835
-7.6973
18.23
3.6262
25.614
-19.416
-25.037
-26.899
22.878
4.3843
11.274
5.9502
-12.609
-25.861
-27.443
-4.269
24.542
8.1588
-27.081
8.6039
26.108
-18.675
3.5767
11.554
-18.296
3.1646
12.378
-25.004
-21.955
13.499
-10.747
20.125
7.0545
-20.834
0.95599
0.85709
-2.9833
-28.762
29.619
27.295
-25.004
25.647
-23.9
-11.159
-29.108
-23.916
-26.125
22.565
-10.071
-7.2029
-13.4
26.075
-23.57
22.581
-28.218
-21.872
-15.79
1.7307
-25.202
19.812
-20.273
17.191
24.427
-28.482
-22.779
10.433
-9.939
-21.79
-1.4669
-0.64282
26.866
24.345
-26.553
5.6205
-24.394
25.96
23.488
15.444
14.554
-27.79
-2.7361
-10.219
-14.587
10.285
-12.181
24.081
-26.059
4.0877
7.4336
9.8401
23.141
15.246
21.295
-18.757
-3.3295
-0.89006
17.175
15.757
-15.296
24.674
-21.048
9.5599
-29.339
-18.18
29.685
-6.8897
-18.559
28.07
23.718
-5.5876
-14.917
-24.971
3.791
11.488
-11.241
-5.3074
-18.642
16.4
-9.4774
-11.9
-11.109
-22.021
15.708
-18.79
26.042
-1.8955
14.307
-26.553
-13.334
0.49448
-26.603
-7.071
10.285
29.982
26.751
26.537
-21.576
-17.076
7.9611
-8.5379
15.873
-20.719
28.729
-8.4555
-4.8459
13.186
20.801
-5.8513
-28.96
-16.895
9.5434
23.9
-8.6698
-11.867
12.741
23.982
10.186
17.62
-22.152
-8.7028
-26.388
-17.389
19.235
-8.6204
-1.4175
20.834
-8.0929
3.2471
2.4559
28.432
12.527
3.791
-7.994
23.85
12.181
-4.3514
-24.509
-22.466
6.6919
-2.0438
-6.4447
-11.225
-20.438
-29.454
16.103
-10.351
-6.1809
-9.2797
7.9446
-20.142
-27.493
-15.906
18.592
-29.603
-5.5381
-10.944
4.4338
23.405
-4.4668
-24.147
-18.378
29.108
7.7468
-26.158
-13.433
-0.26372
17.851
-24.592
-4.1866
-0.23076
-3.8734
-6.593
25.202
-17.257
-21.328
-6.9227
-15.246
-5.9502
19.647
0.9395
-5.9007
-15.922
-24.691
25.96
-16.054
1.1867
-23.257
-23.554
14.389
24.147
-14.142
-25.35
-28.333
-10.994
-27.987
-16.235
1.879
-7.5984
20.999
-11.472
-10.318
14.554
-15.197
23.702
29.289
3.6262
10.549
15.395
19.449
-18.774
-22.828
-18.378
6.4776
0.41206
-17.603
-9.2302
10.631
-9.7412
-9.7906
4.0217
-19.664
-21.592
15.23
-11.142
-2.2087
6.6754
3.791
4.0217
-24.081
-27.064
18.147
-27.064
-12.444
21.576
-0.77468
17.109
-23.076
2.9669
12.609
-0.98895
11.719
27.724
-16.499
-13.186
-16.548
-18.592
14.9
27.031
1.0714
17.768
-19.812
-25.894
21.724
-19.153
-15.774
-16.021
-22.416
29.767
9.2137
-27.048
-10.285
21.609
-2.2416
1.1703
12.527
3.2471
17.373
5.8843
-16.285
-7.7468
-11.505
25.086
-22.433
16.136
17.57
-28.515
-17.587
-2.3405
11.505
11.62
-24.18
-20.191
-22.647
8.3072
6.9391
-12.279
28.943
12.939
17.043
16.087
10.895
16.581
25.828
-5.4063
-6.1974
-8.7028
-15.774
5.9172
-23.603
-9.5269
15.444
8.2413
16.614
7.6149
-8.9006
1.8296
7.8292
-14.241
12.774
17.504
-9.4445
5.4887
-10.417
4.3349
-23.652
-19.532
8.4555
14.373
9.0489
19.548
25.4
-14.917
13.038
14.884
19.828
14.735
13.911
-11.307
24.955
-21.328
25.943
-13.796
10.335
27.031
25.383
22.993
14.785
-4.4997
4.9118
17.554
18.098
-24.641
28.762
24.938
-29.059
-14.686
10.038
-6.1315
-21.328
-14.538
23.043
-5.2414
5.1261
-1.2032
-21.905
-18.559
27.031
27.13
23.619
-5.4887
-2.9174
0.032965
-22.383
18.444
-2.5713
4.3514
-14.34
-7.7797
13.137
-29.339
27.608
-13.219
21.394
16.285
22.746
20.801
2.0109
24.196
-29.553
9.2632
-0.016483
15.988
18.576
-7.3842
-13.697
-13.071
4.7634
-18.708
-25.284
5.9337
-7.6149
-19.136
7.5984
-5.4887
-18.147
12.609
-7.0051
13.713
-22.482
-5.0601
-22.416
19.12
6.3787
-15.757
10.021
-1.8131
12.922
-14.34
3.9558
-28.696
17.785
21.823
3.1646
-20.784
-10.203
-18.147
-0.6593
-19.614
-3.9393
21.675
-16.466
17.109
-29.405
6.5271
-5.2414
2.1592
-21.724
18.675
18.774
-4.0547
-20.867
24.081
17.092
-18.741
9.3291
-22.185
-17.982
-8.3896
-15.049
-22.581
-9.5434
2.39
-26.866
24.839
21.938
6.4282
25.02
-29.438
-8.9006
-8.2577
-1.5164
12.115
-13.137
14.29
-23.306
-28.745
-16.928
9.7576
26.932
-9.395
-22.185
9.3621
-11.834
21.922
-17.191
2.0438
14.488
22.35
-12.955
3.6426
-16.252
16.697
-12.082
7.6479
-5.3568
-19.169
12.378
-22.68
-19.318
-23.422
24.229
-8.6204
-17.982
-8.4555
9.0159
3.2471
-25.02
-25.746
-11.785
27.081
3.0163
19.12
7.104
-6.0985
18.938
-21.74
-15.428
18.427
-11.439
8.8346
-8.8676
-3.2635
-8.1424
26.224
9.9225
-8.7687
12.84
14.175
15.972
11.867
22.515
22.284
8.7028
-10.928
-4.8788
7.104
-21.625
16.005
27.279
14.669
-5.637
4.2195
5.7689
13.862
22.565
26.768
26.108
-19.35
3.7415
-8.3072
15.889
0.23076
-27.114
-13.268
-19.037
14.9
-17.389
27.822
17.768
9.3291
-13.137
7.3018
-19.828
3.0657
-7.4666
22.185
24.411
16.268
-3.4778
-25.993
9.4939
21.856
21.856
-7.549
-27.921
3.8075
-24.79
15.049
17.999
17.34
29.454
18.081
25.943
29.817
24.608
8.1424
-8.9335
-7.0875
-19.367
21.147
-3.1646
-19.07
-14.604
-8.2907
-4.4008
-12.626
18.559
7.038
17.224
6.0491
20.587
3.791
-5.9007
-23.933
-0.62634
-9.5269
3.3789
-0.34613
17.092
20.9
13.598
-16.021
-19.911
-16.961
-17.521
13.582
12.856
-17.884
21.526
-24.114
-12.065
-8.2577
-12.708
21.328
-0.69227
15.51
-11.653
-26.487
-20.092
9.1972
-2.2581
23.207
3.0163
16.087
-25.531
15.494
10.845
15.708
-6.148
13.582
-28.202
29.289
2.2416
9.461
21.262
-23.537
26.718
9.6423
-20.933
-8.439
25.993
-7.071
-0.11538
-24.048
2.7031
4.1371
-28.119
4.4008
-8.3731
18.23
3.1811
-21.246
19.993
14.538
13.054
27.971
4.8459
2.4724
24.559
-29.24
9.8401
8.0929
5.5876
-17.851
-18.543
24.971
-5.9667
-15.444
-19.219
-21.081
-10.054
20.669
4.6151
21.114
22.07
10.961
-2.6537
29.965
-25.037
-5.5381
-3.4284
24.971
1.9285
14.439
-1.6647
-4.6316
26.669
-6.3952
10.269
-10.302
16.713
-5.192
28.317
-16.614
-7.2853
1.1208
-11.752
15.856
-9.7906
-8.1753
26.982
-11.192
-27.476
18.807
-25.713
-22.598
-24.345
-17.455
4.4503
-19.186
16.483
14.241
-10.302
-6.2798
27.872
-7.7303
16.647
-20.01
17.175
-19.647
-1.9449
4.203
25.383
8.3402
-11.9
-26.356
-11.175
14.093
-5.0107
-20.323
4.2525
-17.356
-9.8236
26.042
24.839
1.7636
-22.4
-4.7799
21.773
-2.8185
6.0326
-8.0764
22.614
-10.483
-15.592
9.8401
1.2856
-2.2581
-8.6368
14.422
-28.07
24.229
26.932
24.328
-29.8
-15.939
-28.317
18.197
-14.126
19.35
4.0547
11.159
-17.521
13.137
-16.45
-4.681
3.1152
-7.2523
15.395
-14.158
20.966
6.0656
14.109
-3.2635
26.834
-20.339
25.63
-22.416
4.5986
5.4392
8.1918
-4.1536
29.619
1.4834
28.976
27.262
15.724
-3.2306
17.224
-29.355
-24.542
-13.911
12.494
6.5271
-13.812
-23.224
0.06593
19.664
-27.081
17.653
25.597
-21.328
5.9667
6.0491
-0.77468
17.982
2.2746
-8.4061
-3.3624
-22.795
-1.4175
7.0875
17.043
-13.104
-10.747
15.543
-9.2632
19.482
-2.0109
28.432
19.861
20.241
-17.109
10.351
23.57
-1.3021
22.185
-11.933
-23.323
11.241
23.24
5.3074
20.323
22.598
10.104
2.3076
18.493
-28.68
-11.801
24.74
6.3293
-10.763
27.114
-8.0929
-20.438
3.5273
28.564
1.0714
-28.993
6.9556
-7.4006
-29.223
-4.5986
-0.80764
-23.257
-17.323
-6.593
-22.96
-0.24724
5.8348
-25.713
-26.685
26.504
-10.203
-7.9446
1.6483
-2.868
-0.23076
-29.059
27.493
-23.949
25.581
-3.7086
-24.477
-16.087
-9.6752
18.493
-4.4008
-12.692
10.4
14.01
-13.417
27.279
-10.944
-4.5492
14.653
-14.884
-19.004
26.059
11.027
8.9995
17.933
4.9777
-19.449
4.203
-13.697
6.2304
10.631
8.3072
18.708
-4.7634
-14.175
16.466
27.872
-21.757
22.416
24.328
28.465
-12.428
14.109
-12.939
-12.708
7.4501
-26.075
14.323
-8.0764
28.366
4.0877
-27.196
25.136
-15.972
-25.317
10.994
1.8296
-16.45
-12.741
7.6149
16.235
-5.3074
-21.048
-24.477
26.768
-13.483
11.472
-1.3845
-20.356
18.427
-21.79
2.4229
-16.664
-19.763
23.455
6.4117
-27.13
-6.7249
17.356
-5.7854
18.279
-7.7797
-20.686
22.103
-28.68
14.653
14.62
28.037
22.647
-10.054
-0.70875
27.641
15.823
21.411
1.6318
15.543
-7.9611
16.087
-6.6425
11.373
20.405
1.9779
19.12
19.383
-20.85
-8.505
8.439
7.8622
-24.213
-5.2744
-14.175
11.818
3.7415
3.1317
9.8071
9.873
5.4557
20.537
23.191
-19.285
-20.686
-2.5548
-8.6039
-24.625
-17.966
-4.6481
-2.1592
-4.236
-9.3126
-7.516
-11.571
-29.191
16.45
28.993
13.417
7.8292
19.565
-24.559
12.181
-1.0219
15.691
-7.9611
26.619
-26.52
1.5494
-26.652
-14.636
28.202
-1.7307
2.9009
12.312
-9.6917
-23.685
-26.652
-16.202
18.197
23.735
14.95
-9.0654
18.675
-9.7576
-29.701
15.461
-13.763
12.428
-12.164
8.9335
-15.147
-9.5104
-22.466
-8.4885
-28.284
-13.137
29.586
3.8569
-29.52
-13.005
24.526
-8.0105
-28.152
-21.938
8.027
5.8513
-7.3512
10.104
-17.785
-29.883
21.658
-9.1148
11.027
-25.894
-26.273
13.087
-18.345
-1.5823
-24.691
-3.7745
7.1864
10.4
-17.818
1.2032
26.108
-23.817
11.95
-14.01
27.443
-9.4774
26.108
6.7084
-6.0491
0.64282
16.515
6.115
6.6589
18.807
-3.791
8.9665
27.888
-9.3456
18.905
-3.4943
16.548
-11.538
-28.68
11.291
19.433
-14.917
3.2635
17.916
24.922
0.56041
17.982
11.867
-10.763
13.005
-0.70875
-14.406
-13.746
21.361
-29.636
14.669
-28.333
-10.549
21.856
-27.79
18.559
5.4392
-15.741
20.339
15.642
13.499
-6.4117
2.7196
26.339
18.971
-7.6479
17.603
-17.801
-22.944
-14.422
-18.526
-1.8296
-1.3186
12.906
-12.856
21.773
20.125
17.653
-7.3347
12.016
-19.779
-9.0983
-15.444
3.2306
-19.482
-3.725
2.4889
-25.152
29.751
0.49448
2.6537
21.74
9.873
10.747
-29.289
27.394
8.8676
-22.251
-15.922
1.7307
14.027
21.856
25.482
-22.894
-25.07
-1.2527
-19.318
-9.939
-19.054
0.032965
10.038
20.702
-18.065
-29.866
23.043
0.52744
-21.74
10.582
-19.647
24.048
-0.24724
8.8181
5.5381
17.982
-24.74
29.504
20.62
15.065
21.724
22.284
-16.779
15.972
23.125
9.7247
15.032
25.729
-18.79
-11.653
-4.3184
17.554
8.0764
6.082
1.8131
-14.768
-18.872
-12.922
6.1809
-0.31317
-6.0985
-11.867
-8.2083
8.8346
2.3076
29.504
7.7962
10.747
25.07
-5.0436
-14.62
16.977
9.4115
26.916
22.515
4.1041
28.185
1.0549
15.477
11.785
15.23
14.389
-27.312
-7.3842
-23.01
18.675
-25.845
-0.36262
-19.713
-10.681
-21.592
-26.768
28.465
-26.075
-7.2688
12.741
0.2802
10.417
-4.9612
29.322
-3.0987
6.8073
8.6368
-8.9995
-28.614
-17.982
0.85709
-6.9391
-22.152
9.1808
-16.812
13.268
-4.5327
17.554
-4.3349
-9.5434
5.5546
-22.944
-6.0326
20.669
-26.834
-19.993
-8.6533
15.774
23.026
-23.356
27.79
11.604
-27.476
15.444
25.136
3.9723
10.367
27.064
-28.696
24.196
-26.191
27.542
29.553
26.932
-6.7743
-17.406
25.317
11.851
11.307
-15.576
-5.6865
1.9614
13.944
5.2909
-16.334
24.707
-6.9062
10.796
26.801
22.284
-19.367
-17.043
16.235
24.823
-16.565
8.3566
2.0109
15.114
-10.087
7.2358
-29.256
-3.2635
-29.833
5.5381
20.455
-28.993
-27.888
-2.1262
14.175
28.268
11.719
-2.802
-28.581
-25.845
-9.4115
26.619
-28.169
12.263
23.57
-5.9007
-20.587
24.707
-28.63
12.016
-18.394
21.889
17.686
10.829
19.647
28.68
-1.5988
1.6153
-17.438
6.4117
13.845
16.07
-17.916
-26.125
-22.334
26.735
-14.439
-2.0438
-7.2358
13.137
-7.6479
14.34
-3.8075
29.24
-14.636
-25.202
-7.9281
4.6151
4.5986
13.252
18.329
28.317
18.263
29.619
7.104
14.158
26.174
-11.785
-3.0657
-7.9611
26.108
-1.5164
21.592
-8.0764
-16.268
-26.356
-26.932
-21.592
16.318
-27.658
21.988
-27.905
1.912
-18.065
-19.795
6.0656
-5.8843
-11.389
-25.136
10.714
-11.538
-14.472
-29.042
-2.2581
-20.85
1.6977
8.3566
-21.592
12.675
29.108
11.538
-11.653
-10.335
-7.1864
25.449
-8.1259
-20.306
-18.741
2.5218
11.274
13.268
-14.653
23.356
6.7908
6.8897
-19.548
-21.938
13.334
12.84
-20.62
-5.9502
-12.378
-22.746
27.114
21.213
29.866
-3.28
21.889
16.186
-5.1755
-10.483
-1.7636
-28.482
-22.334
21.642
-21.658
-28.103
-17.851
9.3785
24.806
14.999
-14.636
-16.318
-24.031
-19.927
-0.13186
5.7359
28.268
11.192
-27.987
-20.768
-22.268
25.235
-22.663
9.7412
-10.203
5.9832
29.701
-3.6756
5.0272
29.586
-20.372
-28.564
-21.856
8.0435
-23.257
10.829
-8.0599
-15.757
3.9888
-13.499
11.983
-20.85
-10.104
-16.351
-1.3351
19.812
11.785
29.586
26.834
-19.169
-29.537
-25.086
10.631
-14.01
4.0712
-11.637
21.114
13.021
5.4063
-9.0489
12.428
-27.328
-2.6372
24.345
20.801
28.103
-10.417
20.339
15.527
-22.185
25.845
7.6149
-2.7526
-19.268
19.103
-29.24
1.6153
0.29669
-8.1753
23.999
-6.7249
-14.851
-8.1094
10.104
27.476
-15.296
-6.3293
-23.224
-0.67578
-14.043
27.097
-22.251
25.35
17.01
-10.285
-19.548
18.197
8.7028
-7.9116
6.9556
-0.23076
8.2083
22.812
20.356
-28.548
-0.57689
4.8953
1.4505
-16.153
-7.038
-2.6702
-27.674
-24.987
-12.082
20.191
-20.224
16.318
14.851
-1.8625
-29.949
-4.0547
18.411
-8.2413
-1.8625
23.141
7.2523
13.45
17.059
10.862
0.9395
20.817
14.307
9.2467
-19.136
18.905
-8.472
-21.543
-13.565
26.388
22.548
24.064
-1.7471
0.47799
-12.922
-15.164
21.625
15.79
17.933
-10.598
-20.751
-8.1753
-21.592
20.636
-6.0656
24.18
-0.41206
-7.8457
28.976
21.098
17.669
-21.114
12.23
-28.531
13.845
-10.12
4.9283
-18.559
24.542
20.554
-20.719
-21.427
27.542
-1.2527
-27.707
-21.262
-13.071
-21.328
-4.747
-28.202
-16.037
-6.9062
-9.4445
2.3405
-0.47799
7.3512
-8.7192
-6.1974
-16.515
1.2856
-4.3679
-26.042
28.91
21.823
-15.724
28.268
-11.999
-8.7852
-3.4613
9.4115
19.433
25.746
-22.4
22.12
17.62
-3.9228
-17.389
3.1976
-28.235
-28.284
6.3128
-15.939
-20.356
-28.251
19.136
-8.5215
-23.768
15.114
-26.504
14.307
-4.9777
20.455
15.477
29.619
22.762
29.273
-2.835
4.9942
6.082
7.038
-7.7797
-16.301
25.597
7.7797
21.625
10.483
2.7691
-19.845
-28.202
-3.9228
11.538
19.186
-26.125
-21.164
-23.801
18.724
-22.894
-12.988
28.581
-9.6423
-21.609
16.054
0.2802
-14.126
-1.5164
17.059
-14.126
-3.9558
8.2083
-2.7196
-20.85
-14.406
-2.4889
10.862
4.1536
-14.571
0.98895
-27.691
12.115
-19.664
0.67578
-5.0931
2.39
-6.0491
26.042
14.488
-3.5437
-16.581
-3.6921
-15.098
-21.823
19.136
-16.384
-29.075
-1.4834
-2.9009
-1.4999
26.751
1.2527
23.999
-14.01
7.9116
23.817
3.1976
-25.927
-5.2579
-25.828
23.504
-25.861
-20.125
5.8183
14.175
20.191
-0.13186
-9.5434
-4.1371
2.9669
-5.1755
-5.1425
4.3514
-23.685
24.312
-28.02
-12.082
25.103
-1.4834
18.526
9.7741
-10.054
18.411
3.4448
10.483
3.2141
7.7138
-3.4448
-15.428
12.889
16.285
28.828
-7.8457
6.6919
-15.757
-19.73
19.647
-3.1482
4.9448
1.0384
-22.878
3.5108
22.713
4.3184
27.674
20.9
-13.202
-11.653
-10.252
25.729
23.488
-15.823
-4.6151
16.911
18.576
-9.1478
5.3403
13.351
29.372
0.54392
-11.884
1.1373
15.592
-0.032965
5.4063
-20.257
19.021
-10.895
-0.90654
11.043
29.833
-2.4889
19.647
-18.675
-4.203
-26.85
-17.191
-11.851
7.7797
25.103
21.114
-26.883
21.065
-3.6921
-6.7084
1.7307
21.658
27.13
-1.912
4.8459
-7.8951
19.252
-4.4008
-23.141
-16.763
-20.405
9.0159
19.697
-22.663
8.3072
-16.351
-26.273
-2.3405
10.417
-23.521
-11.752
-2.9339
18.164
9.6752
-21.081
9.9554
17.059
24.46
29.421
29.191
-14.175
2.39
4.9777
-4.3349
-13.4
-6.8897
-29.619
-9.2467
28.251
29.553
-14.702
17.554
-26.108
27.575
9.7247
15.147
-17.636
-18.642
28.564
5.3403
-7.0215
0.29669
28.432
-2.5218
-7.8622
17.603
19.004
-15.049
25.449
-19.268
-5.9172
17.356
8.7357
15.098
-8.7357
-10.087
6.6754
22.993
-17.735
-27.312
-28.696
2.4064
29.454
-8.6533
15.889
-29.075
28.762
12.428
4.5657
5.637
26.24
9.2632
-27.872
26.932
9.0324
9.6093
6.2469
17.521
10.961
25.119
-29.734
-12.115
29.636
-28.235
12.84
-14.01
11.472
2.3735
2.802
20.636
-14.158
-17.686
10.813
27.608
20.504
-5.5711
27.13
3.6756
-24.938
29.075
-5.8348
20.85
5.8513
18.114
-7.6314
15.823
12.395
-16.961
-0.21427
-24.922
-23.389
-6.4282
13.186
-18.774
8.9006
11.604
0.36262
-4.1371
-9.6423
-11.109
22.301
-5.8678
27.592
-7.5984
-12.774
-18.444
10.878
-17.504
22.103
10.417
11.455
26.784
7.2193
4.8623
28.993
14.62
-15.032
-27.262
15.444
-2.7196
23.455
-23.537
-11.818
-22.911
-16.12
-1.9779
-7.2688
-3.2965
17.603
-19.169
-1.9285
-28.103
-14.373
-24.229
-24.674
-7.2688
-9.8071
17.504
-6.7743
28.614
9.7906
1.1373
-10.648
27.361
-9.5599
-5.2909
5.1261
3.8899
-3.1811
-17.488
-14.027
-8.5544
-3.28
-7.4666
-29.866
-23.438
-18.543
-25.284
16.993
-16.384
-15.757
-21.526
-23.619
14.191
11.126
23.619
-14.587
-15.708
25.795
23.257
25.96
21.493
14.604
-2.1262
-13.087
22.565
7.4666
-1.0714
3.5767
3.9723
-4.9942
18.296
12.115
10.911
18.279
23.141
-21.922
-6.6095
17.142
-9.4774
27.806
11.983
-14.027
-2.868
21.262
-29.256
-29.158
2.6702
-5.4887
29.652
-20.109
16.928
-3.3459
-21.922
12.247
-0.85709
11.142
29.306
-2.5713
11.9
24.477
25.729
6.626
9.6423
5.7524
2.5713
26.718
-12.477
-28.07
-11.686
15.675
-7.994
26.108
3.8404
20.768
-20.817
-13.895
-7.8622
8.5379
-23.669
19.285
-6.9886
-5.159
-4.5162
-23.323
27.872
5.7194
-6.8073
-6.5765
5.159
-22.993
-19.548
-11.604
29.471
-23.488
-0.69227
10.087
1.5658
-12.148
16.433
16.483
-25.911
22.021
6.1809
7.7633
22.103
-29.388
19.565
-14.983
-16.235
-28.399
-2.8185
-27.344
-15.477
17.175
22.021
-25.531
20.191
9.7247
-19.515
16.713
-26.191
2.7526
13.483
-4.7799
10.697
19.466
20.653
-28.482
2.2251
28.268
-19.795
20.801
-23.636
-22.894
-22.152
-16.219
14.34
21.757
22.021
7.6479
-4.5162
-5.8678
-20.389
-18.081
-11.01
5.7689
-2.1592
-26.454
-23.01
21.543
14.801
-27.18
-0.84061
-5.8513
-23.554
-11.142
-1.6977
19.713
-8.505
3.791
-28.004
26.421
-2.7361
-7.7633
24.625
-1.2362
-9.1313
-28.68
-19.318
18.362
-7.3018
25.284
-16.219
-6.8567
-5.1261
-19.202
6.4447
24.575
-6.2139
24.526
12.115
-4.1371
0.19779
-20.966
-7.9775
2.7031
-3.0657
-19.466
-16.186
15.345
24.031
4.6975
-9.4115
-26.24
21.378
-26.751
27.213
1.7142
6.8238
-26.421
3.4943
-18.048
19.763
-28.449
-2.6207
9.2137
-20.191
-1.4999
-7.4666
23.817
5.6041
14.142
-25.433
12.049
29.042
23.784
26.421
24.922
-4.8459
16.944
-10.186
0.60985
8.0599
15.494
11.95
-27.213
-11.818
11.867
13.252
-15.049
-8.9995
1.4999
8.1753
27.575
-22.268
-20.719
29.685
18.905
22.845
23.586
8.4226
15.675
-7.2193
28.877
24.674
-8.6204
-0.13186
29.438
-23.29
-29.158
-15.972
-0.39558
29.883
-19.746
28.778
-22.284
-10.219
-27.031
6.8238
-7.9281
15.856
28.482
9.5763
-12.329
-14.538
-8.0435
19.73
-13.021
25.037
25.614
3.0657
14.241
-20.109
7.2358
-23.092
-2.1262
-19.054
-17.851
-8.3237
17.818
2.6042
-28.548
4.4338
-4.6151
-15.065
2.0109
3.6426
1.7307
-14.9
-19.697
-26.504
-11.225
-16.433
-20.273
-22.334
26.685
0.016483
-23.586
-29.306
13.862
12.312
-23.9
21.905
-20.603
-24.196
29.636
13.648
-28.416
1.8955
5.0601
11.999
-5.9832
-27.938
-1.3351
15.246
1.6153
16.005
7.5655
-18.905
27.674
-2.9339
-2.1922
-25.878
14.389
20.01
-4.1536
-4.1041
28.993
25.597
-28.235
-25.845
26.454
5.0931
25.251
-22.795
-18.955
-2.6372
20.784
15.922
2.0438
-0.032965
-15.658
-0.016483
0.62634
12.626
5.8678
-3.2471
0.59337
-25.334
9.9554
-25.449
4.0712
-18.658
16.318
21.213
20.405
22.499
-3.4284
28.235
-0.18131
-2.1757
-1.5988
17.471
-14.208
26.092
21.691
-27.279
-2.5053
13.994
25.35
1.4175
-3.5767
16.647
-17.356
-28.35
-21.691
8.0929
20.537
-11.95
-0.13186
0.95599
-10.219
25.202
8.2083
-10.944
21.065
4.6975
17.834
24.625
25.63
-28.762
11.225
4.8788
-18.444
-11.719
24.889
-4.269
26.323
-10.631
7.6644
-4.3843
8.7687
29.767
19.252
-27.79
7.3182
-25.993
-23.751
-21.081
10.087
20.537
-10.104
29.784
-22.416
-26.224
-20.273
-23.751
10.977
-6.115
-20.603
25.548
15.592
12.741
11.159
-23.702
14.966
-19.515
27.625
-15.527
-29.718
5.4063
-18.246
-24.806
-5.8018
10.087
18.411
-16.136
-13.334
1.3516
25.136
-28.515
25.037
-8.95
-28.004
-22.103
-24.444
-7.516
22.96
15.741
17.702
26.224
21.098
-25.498
0.13186
-9.3126
5.225
-17.603
0.82413
-19.647
20.241
-8.0929
-27.822
-28.202
2.2251
7.549
-29.256
-7.0051
5.7854
-7.9611
-5.9502
-18.625
-14.867
-20.653
19.004
-12.131
-23.323
-20.883
-18.362
0.82413
11.637
25.614
8.3072
-6.9062
-17.768
2.9669
-7.1204
17.785
29.652
-25.136
-16.796
12.494
26.537
8.1588
-1.2032
6.0656
15.741
-2.0109
-7.2358
-21.015
5.2579
-10.549
13.73
24.823
10.78
-0.016483
27.476
26.141
-11.983
-3.2306
10.664
21.823
-26.042
6.9886
-9.4939
20.043
4.2525
-25.812
-21.922
12.016
21.856
3.9228
-8.0599
-27.855
16.499
26.85
-18.197
-16.895
-3.4943
-15.51
-8.5379
-27.377
19.779
-29.339
19.285
1.5988
-12.148
3.4119
-13.862
-16.878
-7.4006
3.0822
3.4119
-13.17
-14.422
16.384
8.472
6.7249
-0.14834
-16.005
-18.444
-11.027
29.108
14.834
-2.9998
-27.361
-0.85709
-2.0109
22.762
-14.488
-7.2358
8.9006
29.075
1.2692
13.895
-10.78
-12.131
24.608
-8.4885
26.817
-8.1753
23.916
19.252
13.746
25.169
-1.3845
4.5327
-17.9
29.454
-23.455
27.18
-2.9669
-9.2632
21.773
-19.318
14.076
-9.8236
19.334
-22.301
10.236
-26.866
-20.273
-4.8294
-15.279
28.366
-22.037
-14.966
8.2742
18.081
-14.307
-1.1373
28.333
14.241
-5.0766
-9.0819
-21.065
3.1646
-4.681
25.597
-21.361
21.988
-21.773
-14.455
-2.1262
19.449
-7.3677
23.867
-18.394
-6.7578
20.339
1.2856
-4.1041
15.856
23.504
19.383
1.1703
-12.84
4.4008
2.2251
27.295
-29.685
10.038
0.44503
19.136
9.461
13.631
15.757
22.251
-21.411
24.213
-13.186
17.406
24.031
18.296
-10.763
6.3293
17.719
29.273
-19.449
-26.57
-3.8734
18.065
19.861
13.252
10.087
12.906
22.598
21.658
-24.625
-0.3791
-20.834
28.91
27.114
-28.037
22.746
20.9
-22.301
1.7966
21.114
7.4336
-10.153
-28.647
13.994
1.4175
12.477
14.406
22.861
-25.779
9.0654
-24.229
-22.087
12.889
-14.851
-7.4171
-20.356
4.0217
-15.279
22.136
-29.504
8.1259
-10.071
-11.834
16.532
19.318
17.603
-14.241
-13.235
12.494
-21.856
9.1643
-25.4
13.516
5.3074
8.5874
7.549
-22.251
22.96
-20.603
-3.0493
-16.746
16.417
23.883
-10.499
20.62
-26.273
17.471
-27.757
6.4447
-20.273
25.976
9.6752
16.73
11.323
-6.4611
2.2911
-0.098895
-21.543
17.554
-16.136
-26.191
-8.1753
-26.883
-13.17
20.241
-7.7962
15.625
20.57
-2.4394
-3.8239
-11.703
17.702
-26.718
-3.0657
-29.141
20.273
21.543
22.977
-8.6533
-24.262
19.219
-21.526
18.807
-24.839
10.598
8.6863
2.6207
20.158
-7.2523
1.0054
13.878
-18.79
9.873
-20.62
-29.916
3.7415
-4.1371
-17.653
-9.0983
1.6483
-23.356
4.1866
-20.339
29.866
19.515
7.7138
5.0766
0.23076
-14.999
24.839
-16.483
18.922
-10.681
10.302
18.065
-27.987
-6.7578
-23.043
23.455
-27.13
-26.075
20.158
14.768
-9.6093
-0.41206
-8.3566
12.098
3.2306
10.813
4.8953
-16.845
-25.993
-20.504
14.158
9.2961
19.631
12.972
-21.773
-18.164
-11.356
27.443
-10.318
-25.696
26.471
-24.707
-29.553
0.21427
23.076
-21.18
9.7412
21.164
-16.252
-10.104
-12.428
-21.147
-20.257
-23.669
5.2579
6.1974
20.076
2.0768
10.433
-28.3
-9.0654
-16.548
-8.1094
20.735
-6.6754
3.2965
22.499
18.164
6.7084
4.0382
14.785
-16.862
-19.318
20.982
-13.549
20.784
7.6644
-18.164
21.098
24.378
8.1424
11.043
-0.32965
-9.1313
24.097
6.9391
-20.306
-24.18
13.367
3.5932
3.9558
24.938
27.625
19.647
-11.043
19.021
-25.086
19.697
-27.229
20.949
-17.636
2.0933
-10.697
29.916
23.306
-6.3128
28.152
-6.0985
-5.8678
-2.0933
7.1699
-18.526
-10.714
-7.2193
-1.9614
16.961
25.185
-14.323
-22.795
27.41
-5.5052
-21.79
15.543
-21.642
7.8127
-5.5052
-0.70875
29.537
20.933
23.389
-2.1262
15.939
-22.416
22.383
-0.18131
19.763
-17.537
22.762
-18.23
-0.57689
-14.983
20.768
-3.6262
-4.747
29.553
-5.8348
15.922
-4.6151
-23.784
-24.691
-26.718
21.361
-24.345
-18.625
28.366
-0.79116
23.389
-24.147
27.427
-15.559
29.57
19.96
-10.878
-11.604
-5.6865
-28.564
-10.433
10.45
-26.438
4.8788
-2.4889
-10.928
-27.674
2.1922
-27.328
-1.2527
-15.411
6.6589
4.3184
6.3128
24.658
25.498
16.928
23.158
19.993
-20.669
11.258
5.4887
-0.32965
16.136
-22.07
15.543
14.175
7.9281
10.796
28.861
-2.357
11.455
-13.796
29.8
-11.554
8.8017
3.9228
-5.3733
21.823
-22.581
-23.323
12.642
-8.917
29.899
17.735
8.8511
-20.735
25.614
-23.817
-24.575
-17.9
8.2248
-7.516
27.114
7.7797
6.593
-24.955
-14.109
-9.8236
-19.845
-4.747
18.015
8.4885
16.862
7.0875
-17.224
19.746
9.395
-9.1148
-15.51
11.933
-14.043
-0.70875
28.268
27.18
8.0929
22.4
18.807
20.784
-2.7855
-10.994
19.153
24.081
-3.0987
17.026
-25.812
8.027
5.2579
-25.729
-5.0601
28.416
-4.3514
-17.636
-29.075
-29.57
16.235
13.384
2.357
-4.1371
-21.609
29.701
-11.323
23.191
16.4
-8.8511
-0.44503
6.0161
1.1538
-4.6646
12.131
-25.531
-19.565
-14.29
16.417
-23.108
-2.4229
21.609
22.63
-5.2085
-4.4173
-1.5823
8.6039
-24.13
-10.845
12.889
-18.444
10.038
22.07
13.549
17.686
20.669
-20.834
4.0382
-27.427
-11.604
-78.704
-59.222
-69.424
57.442
-26.471
-75.078
44.173
-26.982
-56.453
-47.931
28.63
73.743
12.049
37.992
60.804
-13.829
-20.092
21.724
54.129
7.4501
9.2797
-40.168
66.738
42.591
4.9777
-29.619
-20.422
-67.067
-77.039
16.334
-15.873
-49.926
-38.8
-0.49448
78.819
49.118
31.02
44.223
76.528
-43.778
59.452
20.9
4.714
22.449
15.18
-6.7908
-48.36
-89.632
-7.0875
63.59
34.02
18.296
-51.327
-6.8073
62.996
34.531
84.901
-61.051
40.382
53.436
29.125
-79.545
-63.26
24.064
-24.46
9.9225
-28.811
-72.655
71.435
-48.327
-58.925
-82.165
16.153
35.981
-58.266
-2.0768
18.23
-46.217
72.193
86.072
-54.722
-38.602
-23.57
-24.674
-2.0768
16.532
87.456
-33.575
72.457
-76.248
63.688
52.563
-4.2525
-54.112
-24.872
75.77
-58.81
9.1972
45.146
4.1041
8.7852
1.4175
-44.684
21.675
-76.462
21.955
-15.345
-16.713
70.347
-38.042
-60.507
-40.085
38.833
-31.284
23.9
-72.193
73.924
30.707
33.822
-57.211
33.278
63.721
-37.234
-55.76
-58.134
50.008
81.012
-18.329
-76.858
-28.498
-73.149
-71.353
-85.066
20.257
77.666
-9.428
73.43
60.326
-14.241
-36.278
51.096
-33.575
-88.297
-70.628
-21.295
74.979
6.5271
47.915
38.981
-58.447
-50.09
-50.057
6.2304
50.651
4.9777
-87.028
-84.555
56.766
21.905
26.059
-67.413
-19.334
13.763
-42.459
-33.855
-75.935
-17.092
-35.833
60.375
6.9556
15.592
14.34
-40.481
-21.51
53.255
24.394
-77.072
13.911
-67.249
-31.58
63.474
22.152
21.889
59.04
43.778
17.373
80.253
-9.0489
2.7361
-76.396
11.571
-84.885
2.8515
57.606
-42.789
-85.791
-69.622
-61.101
-34.267
86.599
-4.9118
-36.476
-27.641
15.807
-89.467
-42.08
59.37
-80.847
-47.123
28.004
49.382
-75.424
17.999
-8.1259
61.2
-70.364
56.354
8.3896
41.305
-55.53
76.298
-63.837
13.994
42.162
-32.982
-76.446
-78.49
78.605
88.857
-9.2797
-86.813
-56.337
-43.497
-5.67
51.112
56.222
16.977
-24.641
77.039
-69.457
-60.31
-15.972
56.403
-36.74
8.0929
-30.229
2.1757
-62.831
31.3
49.662
-87.802
34.02
-58.612
-8.1588
-57.854
57.936
-26.57
-29.372
-18.444
9.8071
-33.591
5.4722
-55.645
46.069
8.8017
-29.965
-69.194
-14.933
-88.379
-44.14
-80.286
-65.831
-76.512
-35.273
-78.786
-76.743
-20.653
-19.631
-28.729
-29.158
13.598
-61.265
-4.203
54.013
89.319
-83.517
-49.448
70.71
-7.4171
-68.172
22.993
-13.549
-0.32965
-80.682
39.805
56.964
-5.4227
-87.39
18.246
7.582
-86.945
-80.995
77.122
-66.359
-78.72
47.7
9.2961
-71.485
-0.82413
4.4338
-57.178
41.206
21.131
48.03
40.118
1.5494
-85.94
72.094
-58.958
80.385
-9.8236
78.885
-23.306
-4.7964
51.079
31.778
-41.206
72.226
86.335
-46.613
-84.885
73.974
67.298
-74.897
-14.571
-75.309
-13.483
10.73
9.6752
30.328
-67.562
-66.952
-12.774
32.569
36.954
59.288
16.944
39.426
78.951
-20.273
-52.777
37.218
-46.266
3.6756
34.185
78.918
11.488
40.465
-72.836
-56.172
8.7028
-84.028
-49.81
70.15
-18.625
-9.5104
82.989
-6.6589
-36.278
53.865
83.187
-8.917
79.182
-4.8294
-11.406
80.187
3.0163
-80.83
5.67
-0.32965
-5.8678
-82.264
-80.319
20.257
65.419
-36.624
-59.238
-28.515
42.113
17.34
-15.18
2.357
-49.81
-41.569
53.749
-30.015
-48.426
66.276
56.288
51.36
5.0107
86.187
16.961
62.815
-57.656
-8.2413
-61.991
35.8
-58.068
64.842
-89.797
26.454
-33.591
-43.382
-45.673
-85.66
-1.5988
31.185
-63.672
48.31
74.188
-86.253
18.642
76.841
19.878
18.955
-11.752
-8.5379
28.053
-33.328
-42.508
66.886
14.62
38.52
7.8127
-13.285
-75.918
77.583
35.652
-77.501
-55.563
-49.53
-54.64
-29.504
21.988
33.707
35.948
16.763
-81.012
-63.425
78.737
-34.58
-15.642
79.709
58.398
19.054
-54.672
-29.701
-31.795
54.607
-36.278
36.921
28.894
-13.351
87.638
-51.722
4.8459
-15.477
-84.704
-83.055
-76.149
-2.7855
39.805
41.107
-88.857
-3.8404
0.11538
-63.837
-13.301
-81.49
-37.218
-16.021
-18.329
-71.171
-1.2527
-29.537
-83.764
-86.945
-70.446
61.529
20.241
-44.008
-68.897
73.067
30.707
-79.462
-30.888
-55.645
19.252
-32.388
-42.558
72.029
0.3791
40.135
34.036
-25.4
38.882
53.865
-71.452
55.942
8.8017
63.54
-59.93
53.898
46.81
41.849
-66.754
-10.302
27.971
61.331
3.3789
37.827
80.435
-29.042
-87.951
48.426
-17.257
-77.748
-31.449
6.8732
46.069
9.7412
-64.727
63.705
75.061
-8.439
-62.287
-38.586
-26.998
31.646
1.3021
-64.084
-29.24
67.315
12.724
-36.262
-76.166
64.875
-41.305
54.887
31.185
47.338
88.495
30.229
-48.854
-58.908
-76.248
77.6
-44.684
59.04
-5.4227
48.426
6.6754
37.86
14.604
-42.047
-28.91
-5.5052
4.9448
-57.425
16.829
80.468
74.056
5.3403
4.9777
-28.3
-87.736
-43.316
-4.9448
-37.943
-77.814
-83.978
-18.263
71.386
-35.339
-10.4
-33.542
40.366
-56.486
59.881
30.212
5.3898
34.201
48.953
-83.698
72.177
-67.15
60.277
89.451
-89.401
-33.905
23.504
-42.673
83.632
-32.965
-37.185
2.1922
34.976
-75.82
-4.3349
57.557
58.562
-89.632
88.643
-9.1808
12.049
84.835
19.449
76.199
46.102
-35.635
-26.158
-33.278
-10.961
-57.985
30.311
-36.393
-61.711
34.086
-53.156
-84.226
-32.471
87.489
8.9665
9.0654
-37.382
88.808
48.178
16.928
-63.441
-16.235
43.959
-32.586
74.732
-59.419
-88.775
60.029
-72.012
-20.257
72.721
-15.114
56.766
-5.2414
-37.844
-38.108
-88.05
29.306
57.425
-23.339
-56.799
-8.7522
85.346
-86.039
-35.602
-15.889
-36.674
-61.645
40.448
-65.963
-10.813
57.458
62.65
-12.79
-85.083
62.221
-86.138
59.683
12.692
-50.865
-4.714
78.803
-57.573
20.554
51.491
-38.421
25.861
58.529
73.166
28.811
53.403
71.402
-70.215
69.424
74.864
89.83
16.219
-87.44
-84.473
48.442
-49.612
62.04
-84.835
20.966
-32.471
0.9395
48.096
-28.976
52.332
64.875
-44.618
42.986
64.496
-50.387
-32.141
-1.8955
50.107
76.116
81.621
-14.768
-51.887
18.246
67.479
-56.964
61.991
-51.673
-21.295
-56.337
54.656
23.999
9.7741
89.648
20.208
-24.575
-35.652
-39.377
52.365
82.643
11.323
18.741
55.035
-22.301
12.922
-36.13
-76.924
-14.818
-85.116
-63.59
6.6095
-79.198
-9.4774
58.381
45.113
88.363
-44.338
-6.3622
12.576
75.226
-53.321
-31.597
10.961
85.495
-84.242
-74.929
61.167
-39.542
35.025
35.635
-0.46151
-67.875
11.472
-22.96
-73.446
17.521
50.552
-40.283
81.704
14.472
-88.791
-47.173
-1.6647
59.106
-17.438
30.938
-25.416
78.605
-32.982
83.879
-83.748
48.063
69.408
-28.02
-58.958
68.205
12.642
-11.999
-3.9064
70.1
-65.32
78.819
-24.196
1.1373
53.37
20.438
-33.954
53.469
84.242
44.239
60.491
-54.771
-17.125
-45.64
14.307
-19.021
46.003
-38.421
-22.416
45.244
-64.1
17.241
32.685
-42.195
-88.017
81.374
-82.33
-8.6368
-28.251
-59.337
10.763
-42.195
55.661
79.149
80.171
87.275
-85.643
-41.256
56.453
15.263
-65.782
-31.795
-78.572
-18.872
-45.113
-51.178
56.041
67.446
-60.079
89.401
-11.554
45.953
-2.324
-37.086
14.95
29.075
-78.902
9.5104
80.814
-76.973
54.672
69.161
-24.064
67.743
-82.099
52.118
-81.72
56.073
60.524
60.375
-16.532
54.194
68.765
39.525
2.9504
1.2856
-11.95
-48.541
-64.892
-32.009
-62.073
49.299
-23.438
47.305
35.47
-35.965
-1.0384
1.9285
19.004
68.238
-15.724
-4.3843
7.8622
70.529
40.679
-64.447
-27.443
-79.248
61.991
-7.0215
78.21
-47.074
19.202
78.457
-13.054
-18.691
-25.812
-89.022
17.257
50.436
15.757
9.5763
-40.151
82.841
55.019
-50.206
5.3074
22.12
12.51
-11.95
-79.545
63.441
-39.64
-46.2
-14.933
-51.722
25.086
29.85
-0.31317
-85.791
-83.55
75.671
63.441
19.285
-29.553
-31.795
61.265
-42.179
-81.935
-76.232
41.272
-82.462
64.677
-61.298
33.097
2.5713
-63.491
-0.36262
51.491
6.8073
23.883
80.204
56.502
-28.037
-20.57
20.257
20.669
75.506
-21.147
66.985
-77.649
-18.131
-0.42855
-81.621
-62.881
-17.933
-59.386
20.62
49.2
2.6537
-50.107
-87.852
-32.866
-39.311
-76.561
-2.3405
-54.31
75.292
-22.647
-10.384
-50.684
69.474
-34.992
-27.954
61.381
-81.902
-19.812
-63.112
50.816
-73.001
-35.487
-63.622
52.431
-15.395
-5.4887
46.53
5.5216
2.0768
-26.586
10.4
-10.928
-79.957
-82.924
-73.809
-72.754
13.977
-71.534
89.104
-43.712
-33.756
-86.863
-70.117
-14.406
66.738
83.402
-12.889
18.774
73.05
12.757
46.53
21.872
-88.676
-31.284
-60.639
-3.9723
-44.569
55.876
-72.507
74.155
77.006
58.908
63.342
-87.061
52.464
71.715
28.383
26.075
-28.877
33.278
9.5599
-37.514
69.869
-7.8622
71.633
-4.4338
-85.594
79.231
44.618
84.621
41.75
13.318
-39.146
17.29
11.769
-36.212
4.4173
61.134
-56.469
-46.448
30.361
2.3735
-61.265
39.855
30.311
55.447
6.5106
-9.4445
75.622
-71.221
14.917
78.539
-35.701
12.477
-54.096
11.505
9.3291
58.727
-37.415
63.721
83.649
-27.707
71.748
25.202
59.222
71.073
89.434
-76.594
13.433
-20.191
-21.279
-2.2911
-67.743
-0.52744
-79.264
-53.173
-28.333
16.862
-21.065
8.7522
85.248
-44.107
35.998
86.5
-25.498
-74.847
-75.028
52.53
-54.392
-28.581
75.539
-76.99
-13.301
-11.01
-14.142
38.338
-87.67
70.792
22.4
-32.866
55.876
-54.557
13.812
26.603
-9.461
82.693
42.212
30.46
38.767
-74.501
-57.425
57.458
22.68
-55.826
-83.055
-31.993
-58.167
-21.032
33.987
-23.9
-20.438
42.014
47.025
19.614
-80.55
-3.0822
73.99
64.875
81.902
11.884
-66.144
88.725
-19.713
26.735
22.416
-47.898
82.759
-48.244
28.548
10.17
65.287
8.3402
88.148
39.113
-69.029
-86.418
31.993
70.957
-34.383
42.096
76.924
83.336
-42.97
-79.66
-56.931
9.1478
-32.091
37.366
37.761
25.218
42.212
28.713
-39.525
68.6
-34.432
-26.405
-51.03
57.161
63.491
-71.386
-86.55
-23.999
60.441
-72.523
56.898
-43.926
33.707
16.532
-38.553
-28.531
69.045
16.911
-5.0272
-84.193
70.792
-32.52
-80.303
80.979
-88.28
-48.64
-16.499
-51.327
-5.5052
13.104
-20.883
-6.5271
20.9
-35.635
31.07
-62.864
14.62
17.851
48.145
32.009
64.315
-12.724
-89.352
32.141
28.647
-81.424
21.707
-5.5711
64.348
38.586
-77.797
65.518
-34.63
-80.204
66.457
-44.486
52.711
26.059
-56.65
24.839
-55.183
43.316
89.648
13.318
63.408
-75.968
-26.801
30.773
-43.25
72.226
67.842
-45.03
-55.266
-26.603
-38.816
-85.346
-35.569
-84.835
65.403
-56.271
-26.949
84.885
-48.112
-28.35
45.244
-58.908
28.614
39.426
-37.794
-58.711
-53.964
-18.263
-62.485
-27.46
15.461
45.36
35.371
74.402
-26.29
52.299
-82.627
75.44
-45.277
-83.121
-54.046
78.671
-23.438
12.23
-66.787
-22.152
-75.193
-64.414
83.336
-46.464
-31.515
88.363
-82.825
16.829
34.102
-41.404
10.516
6.2139
-53.931
-46.992
-36.196
76.166
14.554
2.7196
-42.063
-19.944
1.7471
-59.386
-88.89
-1.1373
68.765
48.211
-72.078
71.04
-2.4559
61.43
-87.143
-88.758
-57.689
-78.028
60.079
23.108
-41.75
-26.108
-36.855
39.261
-16.697
-15.246
-65.617
-2.1098
7.4501
36.97
-46.019
64.084
-70.759
-36.179
9.395
71.452
-42.162
-63.606
-17.999
57.128
-87.192
23.652
-51.887
-42.525
-85.907
84.44
-12.131
52.53
-70.183
10.12
63.622
5.7854
4.7964
50.387
78.259
87.605
-54.722
8.4061
13.433
46.266
4.3184
67.183
45.541
-66.721
38.899
-64.974
67.941
46.662
-17.438
-16.977
-56.519
83.715
-75.803
60.54
-77.732
-52.645
7.4171
-21.394
-36.393
80.237
59.683
72.078
-40.267
-41.107
-32.009
26.339
-16.713
-14.422
42.591
48.228
-72.078
-43.481
-21.691
36.146
67.826
-75.44
-70.446
79.825
16.581
-57.062
-68.814
0.97247
19.548
20.29
-86.434
-38.371
87.984
-23.702
-16.697
-56.7
-14.801
72.836
-47.42
-69.556
28.68
85.281
-30.476
-37.267
-17.554
37.234
2.9009
-10.384
-9.1643
29.306
-34.267
-60.277
-17.504
8.8181
87.802
-0.82413
44.898
6.0326
-39.212
88.973
12.065
-52.579
-65.567
73.347
6.8897
27.246
37.728
64.364
88.626
-23.619
67.348
-12.279
-70.924
83.5
4.5162
-5.3239
6.6425
-9.0983
83.336
-17.504
38.52
74.254
70.677
65.452
-63.276
-45.36
24.724
-7.3842
70.248
-78.16
37.531
61.364
-23.257
37.036
66.128
66.54
7.1699
-54.425
41.833
-20.982
-21.675
-14.933
-1.6153
26.735
-85.231
-56.403
83.929
49.744
-47.585
15.543
-86.846
-58.183
-79.611
-18.675
12.016
23.01
83.121
-1.0384
86.286
5.4063
-14.636
31.07
-53.123
79.611
84.16
19.153
-14.785
9.8565
89.302
-87.061
-84.572
64.578
-60.771
-50.816
-29.652
-44.898
-22.103
0.7582
-29.603
69.144
-71.551
-49.365
-79.231
36.08
64.496
-10.384
36.558
15.032
80.682
34.762
88.148
76.578
-31.119
66.26
-1.846
-70.562
19.153
-8.9006
-58.365
81.275
-42.261
-0.24724
-8.8511
62.947
-33.575
-35.339
3.0493
-82.033
48.409
-44.157
12.79
49.003
42.772
83.171
-39.838
-83.715
8.3731
52.052
66.738
57.491
-78.77
-70.199
-21.246
-74.748
-25.531
-7.3182
74.897
50.733
47.074
-50.09
-52.2
-22.96
52.975
-17.422
-14.917
-0.49448
-74.204
11.736
43.052
61.562
-52.035
59.535
-66.837
-14.604
-68.419
19.515
22.878
-5.8018
48.673
-27.213
72.029
-36.163
36.393
-70.809
-14.834
0.44503
35.652
51.244
-19.285
35.718
8.2577
34.366
-55.299
-31.548
-78.622
-32.174
8.8511
17.9
-65.089
-23.158
66.276
48.393
85.94
-47.684
64.958
-41.025
19.746
4.2195
-51.096
46.25
-77.863
82.215
-14.29
29.57
-10.384
71.023
-70.314
53.107
-86.022
37.514
5.1096
26.108
70.018
-14.604
28.3
-43.613
86.78
48.178
52.777
75.787
89.945
48.112
79.858
63.112
25.878
-68.386
12.016
-35.553
-83.22
37.234
21.213
41.915
-84.357
39.509
51.013
79.182
-5.3568
-58.974
-51.706
88.709
44.849
25.284
-6.6425
24.279
-63.573
-73.512
19.927
74.962
34.745
24.757
-5.9172
0.18131
25.812
88.956
-87.489
60.441
28.317
-53.14
-58.694
77.896
25.663
63.013
75.061
-23.125
23.702
28.877
-18.296
64.249
25.449
28.894
-14.653
57.029
28.35
49.25
51.277
72.507
-82.198
-28.152
70.512
-58.974
54.326
38.487
73.99
-86.995
52.793
46.646
51.623
43.102
-10.071
10.417
-65.716
43.003
-89.434
-34.432
15.774
-49.035
72.029
-33.888
6.8732
5.9172
-41.552
-17.092
-1.368
31.762
81.44
62.139
51.145
-42.129
-88.775
25.548
61.859
-23.916
31.811
4.0052
79.561
-21.592
35.058
5.637
58.117
-2.9998
39.739
18.856
62.37
56.469
-41.206
26.438
64.199
40.662
-41.585
-33.69
-19.763
65.106
72.556
-61.793
-10.631
51.689
49.563
73.842
-7.071
-88.676
26.421
61.364
-68.765
-57.656
2.9339
-38.338
77.072
86.533
-89.549
-64.15
81.226
58.81
31.383
-62.601
-22.927
68.32
22.911
62.601
50.733
-32.536
43.876
52.563
-58.216
80.995
-70.611
41.239
-10.186
-56.865
46.58
62.172
78.902
-27.625
-10.466
-81.11
-63.705
66.194
24.493
-62.172
46.53
-39.838
30.328
-23.158
8.472
3.3954
87.473
-81.193
34.399
51.211
-89.451
50.469
-81.127
-53.634
37.003
-57.425
54.574
-74.781
54.837
-61.711
-16.417
-42.805
57.54
79.742
-10.911
-36.838
44.503
-28.713
40.596
-24.163
-49.695
-52.48
-8.1259
30.361
2.2911
6.148
-38.009
-1.2032
25.136
-34.712
-20.85
54.672
-77.221
-18.938
-26.916
-65.881
35.816
-5.7854
84.259
-22.202
-81.539
-70.446
-76.363
-87.061
69.82
47.684
62.831
45.277
-17.34
3.1482
41.371
-4.747
-53.189
3.6262
15.164
-30.212
-18.625
-21.213
-55.942
22.532
86.467
48.228
66.985
49.167
24.526
18.84
-9.6917
-31.119
-59.7
-8.9995
-61.002
-47.651
-45.64
87.291
10.697
-27.822
57.854
69.342
-81.44
-86.995
-16.845
67.875
78.622
9.1478
78.407
-18.872
78.704
-11.274
-54.64
-45.624
-16.252
-59.815
59.222
-75.754
44.585
30.559
-33.361
-7.0215
84.654
-62.073
-4.6646
-34.646
84.77
-39.344
81.753
-75.589
81.885
-32.916
32.602
-20.175
89.154
36.871
61.397
-35.784
81.094
-5.637
68.419
37.119
-2.1098
31.745
73.1
40.316
-88.363
-55.53
72.144
12.477
-1.0219
79.858
-48.59
6.4611
89.154
68.32
19.614
-82.198
65.963
-34.251
-19.565
50.189
10.45
32.223
87.951
-6.0985
1.5494
-31.432
15.988
30.839
-77.781
5.6041
81.358
54.491
5.0107
-59.782
-87.703
-69.886
11.867
-11.736
66.078
25.218
-55.579
-29.158
23.257
-55.431
-80.748
84.819
-80.319
-19.482
55.596
58.002
-28.465
-84.819
35.141
76.907
16.647
-75.737
-56.238
-64.513
-72.127
59.864
67.1
29.504
-39.162
-63.853
-35.388
88.214
-61.546
50.832
75.902
0.47799
39.871
89.747
51.607
-14.538
