54.386
57.979
58.149
63.007
62.699
62.788
63.637
60.681
54.831
52.951
47.008
42.481
39.132
36.259
37.172
41.136
48.09
55.452
63.168
73.802
78.199
89.741
102.15
100.62
102.59
104.48
100.5
93.909
91.986
84.641
83.663
79.213
75.538
77.317
81.98
81.02
90.244
92.114
94.734
92.283
95.432
94.715
87.814
85.938
76.4
69.387
60.608
57.406
54.329
53.35
53.963
52.307
54.634
57.419
58.833
59.23
59.173
60.412
54.933
51.828
51.123
45.898
41.732
43.459
45.306
48.351
55.574
65.024
74.472
86.555
98.141
104.8
114.8
123.68
118.01
123.17
112.78
108.3
97.657
91.244
75.552
65.713
55.573
49.882
45.762
45.104
46.105
50.192
58.131
69.676
78.706
92.938
102.87
112.92
125.26
132.12
136.8
135.05
128.14
131.16
118.22
115.76
100.6
90.796
80.89
73.113
66.258
59.686
54.348
52.642
48.211
51.088
47.284
50.2
54.441
53.92
56.097
54.522
58.499
59.556
