0.31352
0.62703
0.94055
1.2541
1.5676
1.8811
2.1946
2.5081
2.8216
3.1352
3.4487
3.7622
4.0757
4.3892
4.7027
5.0162
5.3298
5.6433
5.9568
6.2703
6.5838
6.8973
7.2109
7.5244
7.8379
8.1514
8.4649
8.7784
9.0919
9.4055
9.719
10.032
10.346
10.66
10.973
11.287
11.6
11.914
12.227
12.541
12.854
13.168
13.481
13.795
14.108
14.422
14.735
15.049
15.362
15.676
15.989
16.303
16.616
16.93
17.243
17.557
17.87
18.184
18.497
18.811
19.124
19.438
19.751
20.065
20.378
20.692
21.006
21.319
21.633
21.946
22.26
22.573
22.887
23.2
23.514
23.827
24.141
24.454
24.768
25.081
25.395
25.708
26.022
26.335
26.649
26.962
27.276
27.589
27.903
28.216
28.53
28.843
29.157
29.47
29.784
30.097
30.411
30.725
31.038
31.352
31.665
31.979
32.292
32.606
32.919
33.233
33.546
33.86
34.173
34.487
34.8
35.114
35.427
35.741
36.054
36.368
36.681
36.995
37.308
37.622
37.935
38.249
38.562
38.876
39.189
39.503
39.816
40.13
40.443
40.757
41.071
41.384
41.698
42.011
42.325
42.638
42.952
43.265
43.579
43.892
44.206
44.519
44.833
45.146
45.46
45.773
46.087
46.4
46.714
47.027
47.341
47.654
47.968
48.281
48.595
48.908
49.222
49.535
49.849
50.162
50.476
50.789
51.103
51.417
51.73
52.044
52.357
52.671
52.984
53.298
53.611
53.925
54.238
54.552
54.865
55.179
55.492
55.806
56.119
56.433
56.746
57.06
57.373
57.687
58
58.314
58.627
58.941
59.254
59.568
59.881
