0.0474
0.2793
0.51895
0.78815
1.0472
1.2751
1.502
1.7854
1.9828
2.1879
2.4036
2.6376
2.8801
3.0829
3.3273
3.5712
3.8232
4.0684
4.3001
4.5644
4.8364
5.0946
5.3795
5.6872
5.9879
6.2735
6.6912
7.0834
7.4178
7.8072
8.1265
8.4362
8.672
8.904
9.1965
9.4132
9.6419
9.8638
10.061
10.274
10.503
10.717
10.901
11.092
11.281
11.456
11.64
11.861
12.059
12.24
12.416
12.597
12.771
12.958
13.136
13.344
13.54
13.738
13.898
14.093
14.28
14.483
14.692
14.879
15.105
15.294
15.457
15.682
15.903
16.113
16.329
16.532
16.761
16.954
17.155
17.335
17.558
17.756
17.957
18.158
18.35
18.56
18.762
18.925
19.121
19.301
19.492
19.67
19.878
20.097
20.29
20.497
20.687
20.886
21.074
21.297
21.482
21.675
21.852
22.068
22.3
22.5
22.75
22.981
23.27
23.511
23.744
23.989
24.2
24.469
24.737
24.997
25.237
25.479
25.827
26.141
26.373
26.644
26.891
27.132
27.369
27.617
27.825
28.049
28.298
28.55
28.756
29.006
29.225
29.495
29.783
30.131
30.39
30.643
30.878
31.116
31.439
31.706
31.952
32.207
32.468
32.808
33.08
33.341
33.539
33.759
33.965
34.163
34.382
34.59
34.803
35.009
35.19
35.41
35.593
35.779
35.971
36.165
36.325
36.506
36.684
36.851
37.026
37.229
37.391
37.562
37.728
37.921
38.117
38.336
38.525
38.702
38.906
39.119
39.31
39.504
39.698
39.875
40.07
40.33
40.526
40.774
40.969
41.225
41.457
41.717
41.994
42.223
42.491
42.873
43.144
43.467
43.738
43.985
44.212
44.448
44.643
44.876
45.115
45.308
45.504
45.696
45.905
46.089
46.279
46.452
46.634
46.801
46.954
47.126
47.327
47.49
47.672
47.814
48.008
48.177
48.347
48.524
48.702
48.898
49.062
49.222
49.374
49.542
49.731
49.911
50.083
50.278
50.447
50.639
50.815
51.006
51.176
51.353
51.586
51.779
51.962
52.169
52.392
52.626
52.861
53.112
53.331
53.528
53.792
54.069
54.308
54.559
54.855
55.119
55.513
55.772
56.034
56.292
56.623
56.89
57.128
57.415
57.696
57.925
58.138
58.38
58.61
58.849
59.056
59.312
59.499
59.745
59.968
