0.1055
0.3518
0.59825
0.902
1.1259
1.3401
1.5714
1.8451
2.0515
2.2537
2.4632
2.6989
2.9373
3.1802
3.4098
3.6654
3.9077
4.143
4.376
4.6692
4.9103
5.2133
5.4888
5.8085
6.0632
6.4431
6.7837
7.2339
7.5372
7.8962
8.2358
8.5072
8.7339
9.0239
9.2708
9.4758
9.7086
9.923
10.141
10.334
10.564
10.772
10.958
11.152
11.348
11.523
11.698
11.929
12.109
12.294
12.462
12.64
12.818
13.016
13.197
13.402
13.603
13.784
13.961
14.153
14.34
14.533
14.754
14.957
15.155
15.346
15.544
15.747
15.967
16.201
16.387
16.607
16.812
17.007
17.206
17.406
17.609
17.817
18.009
18.21
18.418
18.63
18.812
18.972
19.158
19.35
19.536
19.733
19.943
20.158
20.364
20.558
20.748
20.94
21.141
21.346
21.541
21.733
21.915
22.138
22.361
22.58
22.809
23.068
23.335
23.579
23.802
24.048
24.309
24.522
24.791
25.08
25.324
25.574
25.926
26.229
26.429
26.727
26.97
27.221
27.434
27.675
27.881
28.122
28.371
28.619
28.809
29.061
29.308
29.579
29.897
30.229
30.453
30.714
30.952
31.258
31.541
31.78
32.015
32.288
32.581
32.882
33.154
33.4
33.618
33.828
34.02
34.236
34.443
34.645
34.893
35.06
35.25
35.471
35.65
35.851
36.026
36.214
36.371
36.565
36.733
36.902
37.084
37.281
37.435
37.63
37.79
37.972
38.175
38.388
38.591
38.748
38.973
39.18
39.36
39.569
39.746
39.936
40.174
40.376
40.58
40.826
41.068
41.287
41.58
41.812
42.068
42.286
42.575
42.959
43.221
43.558
43.8
44.057
44.277
44.504
44.717
44.967
45.185
45.362
45.56
45.771
45.945
46.149
46.326
46.507
46.676
46.854
47.005
47.196
47.368
47.564
47.716
47.88
48.058
48.221
48.396
48.582
48.783
48.942
49.107
49.258
49.427
49.594
49.791
49.955
50.136
50.326
50.506
50.687
50.871
51.052
51.225
51.423
51.65
51.839
52.02
52.226
52.476
52.697
52.917
53.173
53.39
53.623
53.865
54.141
54.388
54.643
54.936
55.188
55.589
55.844
56.12
56.391
56.695
56.961
57.188
57.497
57.779
58.011
58.226
58.445
58.669
58.906
59.145
59.367
59.567
59.811
