132.02
66.144
66.144
66.144
83.295
66.144
83.295
83.295
83.295
66.144
66.144
66.144
66.144
66.144
52.545
52.545
52.545
52.545
66.144
41.761
41.761
41.761
41.761
52.545
41.761
41.761
66.144
66.144
66.144
66.144
83.295
83.295
83.295
104.85
132.02
132.02
104.85
83.295
132.02
132.02
104.85
104.85
104.85
132.02
104.85
104.85
104.85
83.295
104.85
83.295
83.295
83.295
83.295
104.85
104.85
83.295
104.85
104.85
83.295
132.02
132.02
104.85
104.85
83.295
132.02
104.85
104.85
83.295
132.02
83.295
83.295
66.144
83.295
66.144
66.144
66.144
66.144
66.144
66.144
66.144
66.144
41.761
52.545
83.295
52.545
66.144
66.144
83.295
83.295
66.144
66.144
66.144
83.295
52.545
52.545
52.545
66.144
66.144
66.144
52.545
66.144
66.144
66.144
41.761
52.545
66.144
83.295
104.85
83.295
83.295
83.295
132.02
104.85
104.85
132.02
132.02
132.02
104.85
132.02
132.02
104.85
104.85
132.02
83.295
104.85
83.295
132.02
66.144
83.295
83.295
66.144
66.144
66.144
66.144
66.144
41.761
66.144
41.761
52.545
66.144
83.295
83.295
66.144
104.85
132.02
83.295
104.85
132.02
132.02
132.02
132.02
132.02
132.02
132.02
104.85
132.02
132.02
132.02
132.02
132.02
132.02
132.02
132.02
83.295
104.85
104.85
66.144
83.295
66.144
83.295
66.144
52.545
66.144
66.144
52.545
52.545
41.761
52.545
66.144
41.761
66.144
66.144
52.545
52.545
83.295
83.295
83.295
66.144
83.295
83.295
66.144
