41.761
83.295
52.545
52.545
132.02
52.545
132.02
52.545
83.295
83.295
41.761
83.295
83.295
52.545
83.295
52.545
41.761
52.545
41.761
33.166
33.166
52.545
52.545
52.545
83.295
41.761
83.295
83.295
83.295
83.295
132.02
132.02
83.295
132.02
83.295
132.02
132.02
83.295
83.295
83.295
83.295
132.02
132.02
83.295
83.295
52.545
83.295
83.295
132.02
132.02
132.02
83.295
132.02
52.545
132.02
83.295
83.295
83.295
83.295
83.295
83.295
83.295
52.545
52.545
52.545
83.295
132.02
83.295
83.295
52.545
83.295
52.545
52.545
83.295
83.295
83.295
83.295
132.02
52.545
132.02
132.02
52.545
52.545
41.761
52.545
52.545
52.545
83.295
52.545
132.02
132.02
41.761
52.545
83.295
83.295
83.295
83.295
83.295
83.295
132.02
132.02
132.02
132.02
132.02
132.02
83.295
83.295
132.02
83.295
132.02
83.295
83.295
52.545
52.545
52.545
52.545
83.295
83.295
52.545
33.166
52.545
52.545
83.295
83.295
132.02
52.545
132.02
132.02
83.295
132.02
83.295
83.295
83.295
132.02
132.02
132.02
132.02
132.02
83.295
132.02
132.02
132.02
132.02
83.295
83.295
132.02
83.295
83.295
83.295
52.545
83.295
52.545
83.295
41.761
41.761
83.295
83.295
52.545
52.545
83.295
52.545
83.295
83.295
132.02
83.295
132.02
83.295
